 18 7 5 13 22 4 24 6 15 16 12 23 8 19 3 20 9 25 1 10 11 2 21 17 14
 7 23 3 13 19 24 12 1 11 17 10 4 25 21 5 22 8 20 6 9 2 18 16 14 15
 18 19 4 9 15 22 1 12 7 23 3 11 24 25 2 16 13 5 14 17 6 21 20 10 8
 3 10 21 16 15 2 23 5 18 17 22 11 6 7 19 24 12 8 20 1 14 9 25 4 13
 9 10 22 18 6 7 17 16 4 21 13 15 11 1 25 12 20 2 23 8 24 3 14 19 5
 1 9 18 13 24 25 12 17 5 6 22 14 11 8 10 15 23 3 20 4 2 7 16 19 21
 10 19 16 15 5 8 18 20 7 12 11 1 6 22 25 13 24 2 17 9 23 3 21 4 14
 21 7 8 16 13 1 12 24 9 19 20 14 4 2 25 6 22 11 23 3 17 10 18 15 5
 4 19 5 22 15 17 9 16 10 13 8 23 25 7 2 24 3 18 6 14 12 11 1 20 21
 16 12 10 2 25 24 11 4 21 5 7 19 15 6 18 17 3 23 14 8 1 20 13 22 9
