Case #1: 3 
Case #2: 1 
Case #3: IMPOSSIBLE
Case #4: 1 2 
Case #5: 2 7 
Case #6: 40673157017910 19970520095793420 39900367034568930 59830213973344440 79760060912119950 
Case #7: 1729 
Case #8: 8475867884899 5271989824406638 10535503780928377 15799017737450116 21062531693971855 26326045650493594 31589559607015333 36853073563532101 
Case #9: 1 2 3 
Case #10: 1235 56790 
Case #11: 83385908498332846 
Case #12: IMPOSSIBLE
Case #13: IMPOSSIBLE
Case #14: 29377357957 7961264006158 15893150654359 23825007687295 
Case #15: 3 
Case #16: 8284 2957048 5905812 8854576 11803340 14752104 17700868 20649632 23598396 26547160 29495924 32444688 35393452 38342216 41290980 44239744 47188508 50137272 53086036 56034800 58983564 61932328 64872901 
Case #17: 623749 57384866 
Case #18: 1 
Case #19: 1 
Case #20: 1 
Case #21: IMPOSSIBLE
Case #22: 1 
Case #23: IMPOSSIBLE
Case #24: 48910552834239 39226263373058958 78403616193283677 117580969013508396 156758321833733115 195935674653957834 235113027474182553 274290380294407272 313467733114631991 352645085934856710 
Case #25: 1373445917 352975600477 704577755037 1056179909597 1363790175265 
Case #26: 121251 
Case #27: 1 
Case #28: IMPOSSIBLE
Case #29: IMPOSSIBLE
Case #30: 12345678900000001 
Case #31: 1 2 3 4 5 6 7 8 9 10 11 12 13 14 15 16 17 18 19 20 21 22 23 24 25 26 27 28 29 30 31 32 33 34 35 36 37 38 39 40 41 42 43 44 45 46 47 48 49 50 51 52 53 54 55 56 57 58 59 60 61 62 63 64 65 66 67 68 69 70 
Case #32: IMPOSSIBLE
Case #33: IMPOSSIBLE
Case #34: 2 44 86 128 170 212 254 296 338 380 
Case #35: 6 
Case #36: 971 
Case #37: 1 
Case #38: IMPOSSIBLE
Case #39: IMPOSSIBLE
Case #40: 1 
Case #41: IMPOSSIBLE
Case #42: IMPOSSIBLE
Case #43: 631915576694412 220538536266349584 440445156201000001 
Case #44: 1 
Case #45: 103 30406 60709 91012 121315 151618 181921 212224 242527 272830 303133 333436 363739 394042 424345 454648 484951 515254 545557 575860 606163 636466 666769 697072 727375 757678 787981 818284 848587 878890 909193 939496 969799 990001 
Case #46: 102030405060709 91011121314151618 181920212223242527 272829303132333436 363738394041424345 454647484950515254 545556575859606163 636465666768697072 727374757677787981 818283848586878890 909192939495969799 990000000000000001 
Case #47: IMPOSSIBLE
Case #48: IMPOSSIBLE
Case #49: 6539 562294 1118049 1673461 
Case #50: 2 7 
Case #51: 41812443100657 32780955390914386 65520098338728115 98259241286541844 130998384234355573 163737527182169302 196476670129983031 229215813077796760 261954956025610489 294694098973416385 
Case #52: IMPOSSIBLE
Case #53: 964 112688 224412 336136 447860 559584 671308 782101 
Case #54: IMPOSSIBLE
Case #55: 1 2 3 4 5 6 7 8 9 10 11 12 13 14 15 16 17 18 19 20 21 22 23 24 25 26 27 28 29 30 31 32 33 34 35 36 37 38 39 40 41 42 43 44 45 46 47 48 49 50 51 52 53 54 55 56 57 58 59 60 61 62 63 64 65 66 67 68 69 70 71 72 73 74 75 76 77 78 79 80 81 82 83 84 85 86 87 88 89 90 91 92 93 94 95 96 97 98 99 100 
Case #56: 29602050781251 
Case #57: IMPOSSIBLE
Case #58: 7 49 
Case #59: 2 60 118 176 234 292 350 408 466 524 582 640 698 756 
Case #60: 100279120213 32590714068982 65081149017751 97571583966520 126449260341157 
Case #61: 2984619134746 1047601316295596 2092218013456446 3136834708888321 
Case #62: 3875 275080 546285 
Case #63: 2 
Case #64: 1 2 3 4 5 6 7 8 9 10 11 12 13 14 15 16 17 
Case #65: IMPOSSIBLE
Case #66: IMPOSSIBLE
Case #67: 24251 
Case #68: 2778483946 1480931942735 2959085401524 4437238860313 5915392319102 7393545777891 8871699236680 10349852695469 11828006154258 13306159613047 14784313071836 
Case #69: 1 2 3 4 
Case #70: 28 
Case #71: 2 182 362 542 722 902 1082 1262 1442 1622 1802 1982 2162 2342 2522 2702 2882 3062 3242 3422 3602 3782 3962 4142 4322 4502 4682 4862 5042 5222 5402 5582 5762 5942 6122 6302 6482 6662 6842 7022 7202 7382 7562 7742 7833 
Case #72: 628835 264739140 528849445 792959750 1057070055 1321180360 1585290665 1849400970 2113511275 2377621580 2641731885 2905842190 3169952495 3434062800 3698173105 3962283410 4226393715 
Case #73: 2 204 406 608 810 1012 1214 1416 1618 1820 2022 2224 2426 2628 2830 3032 3234 3436 3638 3840 4042 4244 4446 4648 4850 5052 5254 5456 5658 5860 6062 6264 6466 6668 6870 7072 7274 7476 7678 7880 8082 8284 8486 8688 8890 9092 9294 9496 9698 9900 
Case #74: IMPOSSIBLE
Case #75: 2 12 
Case #76: 30399297484750849 
Case #77: 1 
Case #78: IMPOSSIBLE
Case #79: IMPOSSIBLE
Case #80: 268822560488 170164680788336 340060539016184 509956397244032 679852255471880 849748113699728 1019643971927576 1189539830155424 1359435688383272 1529331546611120 
Case #81: 10204 4050608 8091012 12131416 16171820 20212224 24252628 28293032 32333436 36373840 40414244 44454648 48495052 52535456 56575860 60616264 64656668 68697072 72737476 76777880 80818284 84858688 88899092 92939496 96979900 
Case #82: 144115188075855873 
Case #83: IMPOSSIBLE
Case #84: IMPOSSIBLE
Case #85: 103 3383 5833 
Case #86: 5 
Case #87: 1 
Case #88: 8193 
Case #89: IMPOSSIBLE
Case #90: 2234152501943160 
Case #91: IMPOSSIBLE
Case #92: 657725884997660 147951776360051662 
Case #93: IMPOSSIBLE
Case #94: 7846126 
Case #95: IMPOSSIBLE
Case #96: 318543573510580 103526661390938320 206734386895454209 
Case #97: IMPOSSIBLE
Case #98: 1291162297 588770007026 1176248851755 1763727696484 2351206541213 2938685385942 3526164230671 4113643075400 4701121920129 5288581493713 
Case #99: 16 
Case #100: 195 
