100
4
2 3 4 1
4
3 3 4 1
4
3 3 4 3
10
7 8 10 10 9 2 9 6 3 3
10
2 3 1 10 3 5 6 7 8 9
200
194 106 141 8 85 35 157 80 164 95 6 30 107 76 103 176 85 6 109 186 142 182 14 92 8 189 193 133 144 17 107 129 132 123 43 110 173 148 20 17 44 9 115 86 4 29 126 105 195 152 10 146 91 4 63 144 95 114 23 103 198 126 89 152 50 197 107 81 72 182 37 69 80 166 122 8 47 114 132 73 77 57 27 138 5 120 42 44 48 80 141 162 48 53 197 141 54 130 139 194 12 15 148 180 21 91 186 183 121 23 123 109 57 73 78 140 78 103 152 173 163 129 182 153 179 5 113 68 122 38 102 23 128 167 85 19 179 92 39 135 99 152 78 170 123 144 27 160 108 7 170 50 48 188 180 116 79 179 176 50 139 104 103 167 151 145 159 81 144 171 168 103 8 200 92 108 44 56 17 38 20 31 75 67 59 32 19 2 18 141 175 88 63 80 75 162 101 35 193 178
870
775 134 834 87 464 785 650 217 177 42 728 180 467 564 700 756 268 66 90 7 389 139 493 561 59 594 601 714 187 857 370 425 115 392 224 652 769 869 851 283 739 280 501 571 677 503 257 15 454 708 128 6 14 367 519 45 818 66 697 635 840 115 763 19 228 98 55 239 85 765 702 723 235 365 380 764 477 557 598 42 842 254 791 352 458 631 291 852 627 248 298 827 686 115 721 291 533 402 583 839 655 114 682 667 391 762 573 425 631 677 410 166 741 816 775 653 357 589 458 370 456 117 488 236 284 353 502 617 438 273 821 197 223 182 170 366 730 60 26 782 464 321 786 452 189 197 419 253 671 356 223 184 537 746 191 734 637 660 395 137 551 130 712 325 503 523 265 363 158 106 804 855 206 817 445 475 660 154 25 424 757 827 682 80 227 643 65 469 145 250 207 745 772 359 91 726 832 585 295 69 218 621 195 798 192 860 260 693 708 493 137 514 343 57 146 336 418 417 362 746 511 233 811 244 626 297 334 416 125 515 305 656 543 803 182 847 359 585 211 870 379 245 369 662 82 430 769 452 583 616 56 41 514 302 286 543 269 193 775 110 859 277 186 177 537 805 34 273 338 117 830 611 758 741 580 193 389 509 118 42 842 418 140 851 677 281 351 625 70 233 317 176 537 534 332 119 787 807 846 277 311 510 846 535 359 639 602 870 386 209 464 801 466 866 369 515 26 845 759 98 686 371 608 604 444 219 276 455 845 870 36 712 239 51 48 654 197 695 597 629 455 399 66 50 284 281 226 79 146 151 440 437 144 478 454 371 237 601 6 744 671 180 415 143 611 153 547 58 745 763 689 743 858 326 617 106 594 697 165 469 96 688 134 749 343 575 168 219 239 156 11 489 439 7 570 610 801 334 390 665 598 565 52 809 412 456 284 212 1 218 784 167 279 16 707 375 631 864 212 418 844 263 542 118 113 734 800 693 816 131 623 688 359 789 67 178 289 633 305 346 98 633 50 110 589 225 483 722 696 817 72 185 214 774 608 493 574 630 420 237 804 246 394 662 57 710 373 97 72 620 655 197 652 608 392 404 575 101 586 685 50 620 729 749 581 310 308 147 167 575 109 233 654 85 677 640 509 606 238 579 707 671 707 453 753 691 822 158 645 55 639 843 552 564 370 149 463 418 859 620 695 506 295 409 507 670 581 747 325 591 730 462 736 328 112 472 561 3 475 844 41 240 155 299 665 250 469 328 366 849 169 455 709 417 316 253 470 741 109 571 592 211 833 434 192 24 808 757 820 743 198 240 683 412 307 844 646 11 690 496 249 426 203 539 69 237 189 537 512 821 727 557 173 187 423 116 430 130 605 243 658 241 441 194 182 101 195 639 218 544 166 290 846 786 193 286 828 697 631 597 157 389 635 577 621 729 165 481 48 485 736 10 187 706 457 319 518 125 9 484 204 440 49 257 569 342 582 375 478 5 860 497 492 467 832 375 482 142 322 733 840 796 424 114 342 254 863 52 508 553 149 130 852 52 321 653 784 370 214 134 47 674 573 369 235 719 183 743 46 593 375 497 422 125 315 36 100 447 558 59 92 284 700 672 673 753 58 483 53 795 562 694 726 55 488 183 803 699 201 744 641 842 868 457 157 338 560 424 22 31 397 770 288 27 445 400 65 125 372 285 791 842 783 206 289 353 431 394 142 366 866 150 832 120 392 233 152 824 688 570 640 455 688 859 490 735 632 108 646 568 534 459 735 136 332 187 174 473 810 562 819 556 75 778 593 364 598 252 301 292 844 29 814 659 125 351 596 44 282 8 294 660 76 760 144 200 758 415 456 188 50 207 619 625 622 659 382 392 486 16 528 808 316 560 625 243 599 831 403 716 819 535 821 103 256 456 346 450 655 744 409 526 325 91 465 842 461 653 838 672 179 358 710 238 640 128 702 3 647 121 663 679 238 135 63 260 831 815 198 487
873
585 710 738 76 46 272 656 320 727 223 808 735 752 146 792 675 531 415 624 740 809 756 842 49 555 455 141 750 673 198 192 721 432 560 564 55 151 361 815 30 770 243 488 633 152 285 703 581 402 644 138 112 110 628 159 825 731 200 631 111 719 475 147 847 793 822 867 827 751 14 181 584 457 769 476 215 679 502 10 345 390 494 442 282 216 168 532 504 509 456 124 83 90 104 355 444 671 261 287 348 473 694 308 661 29 389 242 617 721 622 839 868 803 193 144 829 832 666 676 274 570 388 634 487 647 262 481 766 344 455 42 595 517 657 359 611 787 232 374 263 95 706 11 323 74 445 32 697 649 682 480 518 311 709 172 268 403 698 446 310 557 416 833 495 592 841 233 636 499 68 242 12 728 524 522 806 318 67 734 109 852 41 132 516 830 705 372 629 87 65 69 463 690 672 432 729 78 220 746 196 4 872 122 448 821 726 62 156 436 335 185 54 399 788 584 669 583 630 353 237 512 260 447 265 683 91 411 102 143 101 298 410 50 635 567 686 849 33 763 420 150 198 93 1 79 325 533 155 601 238 362 483 471 550 219 782 97 424 279 84 569 307 588 616 99 139 454 741 604 685 52 357 515 302 598 576 228 676 75 326 562 380 858 376 175 715 356 423 60 343 606 812 627 108 758 450 620 527 871 514 40 400 202 776 788 546 429 565 778 360 48 563 94 819 843 56 706 714 137 342 597 613 582 267 322 264 665 689 45 115 183 92 791 492 820 545 234 775 732 190 845 511 351 430 468 695 431 382 293 717 838 536 572 836 708 352 700 368 34 594 116 764 711 167 813 226 733 692 640 823 230 736 801 370 252 543 169 392 126 329 57 837 857 284 229 26 336 43 413 271 737 142 760 521 22 643 257 848 799 419 114 478 816 864 16 377 840 745 716 440 180 800 678 174 651 725 548 730 161 623 464 221 824 796 552 113 497 608 653 199 529 104 496 249 103 8 334 31 140 549 278 317 119 324 188 393 15 404 433 609 795 663 762 781 447 417 294 281 319 462 106 247 207 205 5 71 807 36 784 744 333 395 668 519 654 313 729 7 761 209 428 81 660 802 88 648 177 245 44 338 424 153 626 625 701 618 341 162 100 165 591 330 331 286 508 811 398 578 134 441 794 707 771 730 58 749 804 777 306 145 195 117 743 2 438 632 86 614 773 452 259 9 231 810 538 534 498 254 465 828 451 366 378 246 82 276 790 458 747 354 365 860 783 176 422 61 182 396 273 754 525 157 248 300 859 239 204 662 317 421 179 269 805 340 28 171 506 296 383 642 407 855 105 540 818 217 265 553 853 485 856 98 435 57 817 32 723 587 301 127 467 574 759 505 332 85 720 218 607 163 414 305 47 251 541 19 240 844 693 406 222 299 612 213 347 854 253 427 125 379 25 850 566 645 528 295 250 712 559 21 211 466 530 418 558 37 121 129 501 426 869 765 107 637 551 303 540 314 73 514 186 474 178 434 722 363 688 158 128 212 189 664 526 39 203 316 373 586 718 677 472 778 337 596 387 870 13 38 66 53 658 170 277 227 796 201 358 755 72 401 460 256 691 619 615 789 367 593 312 224 309 484 20 328 638 610 824 866 184 477 798 674 767 814 523 208 77 89 196 489 27 670 173 590 191 491 123 288 236 397 713 290 667 194 861 130 696 118 851 602 350 148 826 24 149 486 214 742 258 600 873 482 166 408 154 513 561 270 493 599 461 835 573 753 659 381 681 146 425 702 510 51 409 280 507 774 650 852 164 603 459 621 384 160 831 537 469 291 375 96 241 412 35 449 862 443 542 785 865 786 315 120 539 283 579 70 266 580 554 18 327 699 724 206 571 339 547 470 197 136 321 394 757 639 23 364 235 605 423 577 349 641 346 17 64 587 863 680 80 63 568 225 490 244 187 304 748 846 646 405 439 278 275 731 704 289 386 834 500 535 3 684 210
59
2 38 6 48 37 45 5 41 29 4 52 15 51 50 4 8 20 13 52 44 55 30 7 43 23 27 28 31 35 46 34 33 12 20 44 42 47 26 42 57 9 43 21 58 59 47 22 42 40 16 3 33 22 19 33 19 25 17 53
10
9 1 10 5 10 2 9 4 1 9
1000
717 322 118 440 566 431 260 171 252 512 134 338 699 400 508 829 735 83 146 436 879 801 579 679 723 651 62 917 460 922 550 158 523 781 751 939 852 599 64 873 229 647 330 640 239 883 847 190 439 503 973 165 223 563 136 808 878 350 447 972 614 27 36 39 488 117 595 156 399 995 832 848 878 370 919 784 744 978 916 344 621 672 18 973 533 364 107 575 746 575 570 859 553 668 660 773 527 695 300 197 864 565 344 904 137 761 221 387 870 60 275 970 705 267 995 426 66 3 229 945 275 297 877 502 420 327 485 473 792 393 794 849 125 601 731 28 105 380 664 646 194 645 492 597 356 19 872 355 440 862 285 820 675 319 358 68 799 399 252 376 996 477 474 604 52 217 423 531 382 516 8 263 297 288 898 353 704 107 273 636 678 837 274 633 943 278 307 310 895 532 772 250 601 713 933 815 100 932 243 441 947 739 650 798 833 926 477 186 444 955 506 952 907 401 298 935 67 174 905 814 462 381 57 750 887 683 857 596 428 489 325 328 125 694 941 323 477 689 855 261 626 413 730 830 721 918 515 685 930 192 336 638 617 777 846 790 920 559 425 113 240 925 172 371 316 808 114 516 279 860 409 468 179 183 915 911 56 277 185 433 888 472 130 107 151 193 948 980 868 749 625 210 880 178 567 656 950 933 854 307 311 535 770 943 897 150 978 910 443 730 301 349 838 817 968 265 170 716 154 642 648 2 557 417 231 475 788 1000 150 649 359 286 87 865 505 251 563 12 965 809 738 698 516 343 740 972 217 340 471 58 425 882 176 297 582 145 229 155 331 800 78 236 369 548 63 946 619 427 671 74 312 333 991 478 548 160 589 569 942 138 222 586 984 389 809 429 108 560 384 307 710 845 460 586 856 853 162 199 327 515 214 115 90 892 863 828 954 501 271 463 454 914 242 976 81 732 324 337 495 670 684 667 167 199 917 116 368 802 386 133 6 208 280 896 96 20 937 88 49 403 200 292 758 209 762 588 177 490 734 605 662 592 520 162 933 706 521 977 70 190 760 522 410 421 499 188 976 459 207 862 195 282 128 163 69 241 686 90 517 780 299 513 985 607 127 867 612 65 70 448 715 143 953 713 536 918 821 398 465 980 420 124 50 762 335 211 985 15 70 748 666 944 482 455 818 403 479 804 753 202 457 279 73 584 674 835 97 950 947 659 168 268 466 987 302 766 890 111 775 657 415 726 889 541 277 683 365 767 194 31 720 647 93 42 819 736 943 878 258 388 927 571 195 889 538 5 295 999 378 91 562 585 266 85 372 936 680 624 23 478 799 288 947 300 572 10 786 141 992 443 75 452 595 411 514 228 144 355 38 976 419 196 264 164 450 695 799 827 673 728 126 487 212 61 602 212 253 341 367 908 933 805 965 578 291 357 909 544 594 121 982 878 184 330 641 951 933 869 824 44 635 320 738 989 142 140 272 321 268 203 26 549 695 208 795 296 540 839 530 95 969 451 686 139 806 511 422 94 371 591 689 575 965 649 153 808 874 181 312 577 808 893 67 169 248 981 536 836 459 133 334 759 215 234 266 869 565 342 13 601 515 708 51 919 186 456 464 702 32 766 796 329 589 724 491 318 1 983 590 551 245 964 25 714 348 542 304 610 468 818 135 594 500 449 17 556 763 756 237 345 825 904 962 77 958 89 307 510 290 224 35 919 519 861 939 785 774 509 692 461 106 445 737 974 45 361 237 877 811 615 891 191 481 757 539 468 254 822 876 480 34 552 294 76 584 587 826 944 611 256 215 129 495 131 901 689 484 204 73 193 22 809 886 518 622 665 884 341 866 961 769 102 215 220 275 134 314 924 86 152 628 778 515 639 741 787 752 406 16 244 900 71 328 955 526 688 182 313 707 952 875 554 912 199 392 255 47 72 470 686 663 37 169 802 904 395 227 580 92 691 754 332 405 649 652 821 486 289 676 109 966 147 40 677 841 208 528 78 821 169 558 352 46 807 802 803 225 281 239 537 771 404 682 86 189 434 305 175 924 29 574 940 494 75 219 446 213 858 627 308 276 843 354 412 993 79 501 425 390 257 186 30 894 532 262 206 561 471 520 196 7 198 928 707 738 576 437 844 788 902 235 379 202 107 120 366 443 287 538 514 340 770 493 407 672 755 629 745 141 634 810 743 647 722 512 871 529 315 661 112 779 270 459 764 10 878 458 78 440 418 768 631 718 383 186 679 534 700 644 299 373 601 14 166 107 161 478 747 568 821
572
450 239 276 199 362 83 340 521 35 381 30 191 46 418 200 292 287 354 476 308 82 164 16 546 544 235 122 413 131 252 140 394 256 282 303 10 169 101 540 245 59 261 328 49 378 268 8 401 166 380 459 514 570 539 28 180 33 209 159 76 284 85 45 516 193 219 417 108 158 428 515 520 64 400 65 7 66 440 536 93 170 246 512 548 201 133 259 447 184 225 376 387 165 486 139 482 281 51 510 402 295 52 503 135 411 190 4 409 556 545 167 496 550 522 217 152 567 24 232 111 523 431 39 365 310 238 145 441 537 291 54 32 72 253 553 562 373 352 81 12 9 255 149 364 275 118 210 341 566 475 247 123 212 446 100 206 396 320 216 242 410 92 498 132 244 186 489 73 535 14 37 487 458 372 269 31 115 434 452 457 483 218 260 423 451 331 461 95 371 330 414 543 56 351 70 350 363 141 185 90 168 102 272 554 79 425 80 121 404 297 302 153 383 477 342 439 338 277 178 332 323 237 513 1 119 359 357 61 346 369 69 143 91 393 538 384 506 112 68 106 306 160 227 208 40 355 445 229 370 228 21 432 262 311 555 271 3 301 174 379 494 403 470 565 113 500 492 2 283 438 463 177 337 571 265 398 433 399 48 211 97 343 526 509 480 298 568 427 377 469 38 249 319 15 416 395 127 71 150 484 293 280 407 569 236 270 176 460 462 234 254 455 507 424 495 86 87 248 258 96 129 519 324 524 172 552 429 67 557 161 312 36 491 296 175 231 288 203 27 105 62 148 456 485 13 347 318 419 204 497 542 304 327 18 251 137 23 107 479 382 50 25 391 415 103 19 426 348 386 305 44 136 187 207 335 289 368 63 120 361 517 360 214 243 408 366 144 508 126 290 197 444 125 572 196 385 530 142 278 146 358 155 412 58 499 541 198 472 345 213 114 221 405 430 26 151 43 188 104 466 192 5 374 29 465 389 273 525 110 443 163 226 421 471 474 529 468 241 551 183 128 406 307 321 117 84 315 454 442 344 528 534 299 60 189 34 532 173 329 453 356 250 57 518 156 202 549 116 390 436 195 89 560 392 20 194 240 94 493 294 78 336 182 17 224 478 325 230 481 147 559 563 11 42 88 367 511 339 179 6 99 505 41 285 309 561 313 449 502 333 334 266 422 420 397 564 527 464 435 316 467 349 181 267 77 375 533 279 263 286 223 75 220 55 124 205 322 162 274 437 388 109 157 531 353 74 473 138 47 490 171 264 233 448 257 488 98 317 501 547 222 558 134 215 326 504 130 22 154 53 314 300
100
18 22 85 5 65 69 59 38 51 18 7 16 94 74 84 71 45 79 26 42 11 31 53 91 11 73 35 64 77 83 48 27 5 37 88 33 58 90 99 58 9 52 47 76 78 30 68 95 44 55 6 32 19 72 36 29 93 15 75 97 84 48 81 56 99 20 22 57 43 89 25 98 46 70 12 14 10 2 28 8 86 59 85 87 23 60 24 66 72 81 34 18 51 27 17 50 80 44 96 8
10
4 6 10 10 6 7 3 1 6 6
100
76 73 87 19 7 35 46 72 74 78 23 15 57 66 59 79 83 50 16 89 34 58 80 39 45 24 29 20 58 72 68 30 34 11 99 40 4 31 84 33 42 64 20 51 85 66 9 2 41 24 77 10 94 71 12 47 76 54 18 96 11 63 8 6 45 40 92 98 52 2 57 69 72 5 35 3 97 60 82 94 90 56 27 22 55 25 38 10 93 54 31 50 90 43 17 44 17 86 62 91
969
763 615 866 923 194 524 242 301 297 507 657 255 910 491 219 479 883 128 469 79 237 950 560 223 48 548 567 886 581 218 514 674 590 493 183 668 425 473 188 125 820 186 265 512 969 152 662 633 199 664 777 141 582 268 583 489 503 267 591 947 239 793 792 898 41 266 193 612 669 882 934 384 28 677 204 85 113 62 189 849 73 637 294 200 491 510 557 62 562 322 577 341 555 134 956 463 231 490 321 422 137 358 695 132 304 62 133 628 342 958 398 624 332 558 606 775 243 873 720 387 344 602 419 453 284 68 353 56 467 89 941 471 772 635 813 466 161 120 235 411 645 360 846 768 867 145 751 515 230 364 329 690 314 274 348 863 653 369 516 470 564 107 16 739 767 365 877 691 584 617 876 161 325 817 173 779 812 149 207 191 457 741 783 20 538 163 819 106 518 77 421 447 203 465 215 162 632 95 609 460 727 409 592 147 24 598 318 98 893 91 566 177 372 702 621 930 17 721 736 718 948 249 672 644 730 566 739 559 534 911 39 608 887 494 774 481 477 293 44 797 109 363 570 920 499 723 862 340 572 638 337 273 525 731 110 721 788 361 150 891 397 575 262 500 106 339 130 611 701 285 640 798 370 901 24 502 222 69 417 693 789 856 914 796 138 451 375 64 306 430 209 376 338 202 573 401 355 482 6 660 386 289 153 778 656 540 452 927 625 786 139 259 666 955 268 842 27 485 78 403 66 957 836 404 373 336 1 18 712 746 231 517 14 88 65 46 604 36 861 871 826 377 654 932 949 121 597 683 728 443 234 394 51 705 454 83 144 432 834 30 837 326 240 951 156 275 108 858 357 390 586 70 938 201 13 809 254 840 603 743 290 637 368 137 568 647 698 251 299 129 740 449 303 945 55 748 678 805 184 564 944 780 900 965 164 658 429 12 175 684 295 508 248 75 438 232 864 853 916 188 116 255 246 278 442 700 99 651 196 894 181 737 179 131 123 141 247 909 605 187 271 96 90 137 422 223 191 531 310 504 359 953 888 881 773 721 227 652 59 961 53 300 505 594 270 631 549 728 815 717 688 750 884 373 26 780 511 801 855 967 464 877 258 687 435 859 34 784 45 852 815 869 536 759 233 854 935 747 280 379 710 211 245 733 757 603 253 25 455 532 680 889 722 49 5 865 226 543 872 649 921 437 794 381 754 402 551 626 461 697 136 879 955 296 622 407 845 760 433 880 305 35 665 776 38 4 675 714 715 331 366 636 663 177 81 86 286 618 803 762 37 634 459 513 496 250 61 374 362 685 521 185 535 39 345 143 627 413 269 191 954 729 802 105 933 726 172 218 406 556 816 585 178 400 379 527 221 167 308 576 385 302 408 711 157 547 334 104 530 870 875 333 752 785 716 415 520 431 478 324 587 827 646 811 118 238 76 127 906 335 782 84 312 352 964 148 677 732 529 42 414 100 472 828 734 215 661 276 292 116 350 257 210 498 899 673 364 58 263 272 71 140 904 241 176 420 389 769 87 450 444 822 831 832 103 33 360 952 327 571 765 224 427 812 913 225 8 670 851 261 610 593 596 780 745 323 441 271 93 897 959 119 643 926 755 191 126 753 810 480 924 160 885 799 556 537 462 182 563 287 192 106 171 146 426 875 648 384 212 361 699 561 631 214 244 639 23 616 563 542 19 252 552 907 519 288 890 679 919 667 388 725 32 393 31 135 475 787 829 169 315 782 168 213 142 689 197 838 94 416 821 523 351 158 595 354 122 939 708 875 260 488 922 892 282 931 279 544 936 328 533 857 74 159 298 102 217 770 940 814 57 791 115 579 744 595 440 277 686 966 696 487 946 853 399 589 497 384 713 448 439 738 111 844 824 501 758 569 52 256 250 423 599 428 172 541 434 436 380 154 474 960 613 15 220 756 155 343 943 256 709 40 722 264 790 495 528 412 804 522 546 283 39 378 124 447 938 646 659 11 902 918 509 928 513 707 411 854 80 396 112 405 190 735 165 205 951 848 307 554 86 151 929 216 97 578 545 383 114 22 908 170 208 764 422 7 925 860 291 766 539 835 47 206 874 436 619 60 180 841 808 630 410 781 392 868 281 614 917 356 724 2 915 347 21 655 476 29 492 601 63 641 424 395 553 117 719 795 10 229 367 446 441 703 572 825 676 315 742 309 483 346 195 92 771 311 730 481 317
200
12 32 197 17 96 41 66 11 170 54 35 146 123 15 186 180 199 27 75 182 63 128 133 58 64 186 60 187 189 2 29 134 23 38 123 20 85 176 179 91 184 105 3 95 59 130 6 167 132 144 163 9 141 166 104 75 35 143 185 50 124 160 28 51 89 87 198 121 139 43 109 19 42 59 92 172 97 194 110 53 99 17 70 58 151 188 37 18 1 9 120 79 181 63 101 67 140 72 117 180 62 127 68 114 72 97 10 139 15 175 100 182 127 47 174 55 167 7 147 198 33 95 74 152 199 122 70 118 130 135 76 159 195 157 4 57 128 154 109 156 183 107 39 65 38 200 36 151 108 66 13 116 180 147 51 161 122 73 70 8 64 89 103 121 191 106 22 36 46 193 4 99 129 24 178 80 99 196 9 136 165 188 142 115 94 93 145 132 2 166 158 7 88 19 31 40 111 169 131 119
200
163 114 98 47 99 82 10 52 73 29 80 175 180 78 191 158 63 79 175 84 82 11 146 177 194 103 47 127 112 151 148 103 109 172 34 184 135 165 123 25 109 103 21 71 143 104 133 199 32 93 19 24 161 178 53 194 175 30 161 98 184 10 37 26 189 28 18 122 34 135 189 31 81 179 143 78 146 160 91 195 112 27 130 52 65 70 173 61 49 61 156 73 60 42 171 42 1 82 100 27 49 123 122 29 88 62 197 44 77 9 154 104 136 63 89 48 56 128 125 116 164 5 146 82 90 81 40 192 11 139 37 118 144 35 40 178 47 126 130 103 167 110 66 24 198 198 9 68 18 167 56 149 160 43 83 176 143 56 61 150 95 120 63 171 2 153 12 123 133 94 131 90 153 18 22 161 78 169 127 84 133 116 138 137 119 149 179 149 44 17 88 23 143 112 125 35 189 175 64 83
20
12 7 2 12 15 17 18 18 7 15 4 13 17 10 9 9 13 5 17 19
20
9 20 18 8 7 19 11 10 14 11 17 10 6 18 2 11 10 17 2 4
1000
920 853 543 60 931 350 613 184 531 869 617 772 573 896 115 642 262 362 487 162 998 81 32 672 665 108 577 576 616 641 986 23 870 535 235 773 407 209 645 137 411 149 794 438 353 936 402 194 400 723 57 848 932 516 749 697 51 614 715 4 417 112 466 733 430 77 524 795 124 797 13 559 193 254 482 169 66 651 583 309 769 156 883 247 781 334 625 463 175 299 732 218 125 945 962 834 148 818 907 132 564 855 578 448 111 731 25 26 387 752 105 62 955 619 650 143 422 459 887 372 588 566 706 69 93 925 180 914 812 739 785 100 707 984 314 865 40 899 561 839 283 303 116 965 669 738 481 97 42 473 913 244 905 278 318 433 948 201 251 611 888 710 736 861 615 311 280 638 91 701 292 635 591 494 977 880 627 673 532 127 217 493 629 928 565 632 634 446 704 489 841 196 73 499 457 454 265 250 771 760 158 919 626 321 581 328 501 813 38 460 274 296 123 279 991 388 29 943 382 558 319 534 889 790 862 484 689 737 513 47 624 340 753 817 253 389 658 213 694 410 386 445 517 152 392 608 580 674 685 198 159 808 644 74 415 788 992 529 803 782 657 17 807 822 197 826 783 677 623 461 729 975 607 757 323 589 911 776 926 167 16 802 408 662 440 285 705 798 744 997 232 36 970 605 155 161 840 528 921 352 211 404 142 204 999 682 231 692 239 380 134 428 978 598 966 324 844 851 221 659 297 780 225 539 376 809 85 670 495 512 698 215 664 86 393 480 443 492 933 969 412 541 770 703 530 76 678 395 935 631 71 300 45 742 903 787 360 719 679 357 586 18 92 873 224 301 427 621 373 234 229 240 646 63 384 191 871 816 523 332 335 80 505 375 44 241 109 550 290 700 717 245 734 891 27 552 553 900 174 49 829 849 842 824 89 667 37 286 950 3 41 898 431 814 255 959 61 968 860 293 263 117 527 714 754 522 367 312 712 453 365 475 755 56 98 952 214 836 341 877 981 369 521 852 242 188 779 104 284 121 821 317 695 294 837 845 195 313 118 210 270 858 88 811 708 302 483 985 868 429 612 827 150 923 432 766 590 956 344 336 147 75 668 226 307 465 801 405 190 544 721 338 449 282 329 740 327 151 663 476 207 879 720 258 383 901 676 942 520 996 337 686 295 620 507 54 437 711 825 509 206 426 765 67 830 128 423 266 728 345 9 179 656 222 219 10 563 759 909 203 342 761 166 490 741 786 594 55 647 548 885 396 397 730 719 800 983 220 751 988 139 908 537 815 185 122 322 84 964 758 878 671 381 725 746 28 699 479 640 967 823 504 181 777 637 470 628 498 276 477 183 902 930 485 120 136 582 912 764 434 168 940 778 910 182 946 273 601 34 684 160 346 7 58 165 506 11 971 114 173 138 954 269 805 87 472 540 587 59 661 316 186 843 989 172 735 585 934 831 579 30 236 243 545 748 567 549 949 864 281 78 784 666 961 799 403 261 177 320 941 630 745 854 333 330 653 406 713 145 693 572 24 178 248 915 171 268 584 359 874 533 176 859 610 792 514 709 154 227 363 972 308 547 881 275 325 722 331 298 390 366 894 368 609 287 68 133 767 687 339 518 439 688 937 19 819 391 995 358 99 491 973 50 980 574 21 205 675 271 554 106 681 64 866 153 163 228 488 974 496 791 354 774 289 291 575 560 189 12 351 467 110 233 425 237 833 135 597 538 200 542 838 409 599 420 230 39 804 238 343 199 140 223 743 515 22 48 603 447 649 398 260 267 652 131 546 356 726 385 370 511 536 895 43 6 690 70 288 655 556 304 202 259 886 170 918 452 252 326 857 464 129 208 414 643 378 747 413 789 371 451 264 820 875 519 618 399 890 401 306 639 79 756 96 187 957 455 762 596 994 497 310 633 727 456 906 424 52 379 750 570 444 2 348 102 450 696 462 683 419 164 602 146 15 502 810 8 469 768 33 377 500 364 680 82 916 835 571 72 216 944 893 83 892 832 374 119 35 421 828 394 884 882 702 793 14 347 796 525 595 867 551 355 503 458 846 107 562 568 604 277 90 863 917 101 876 471 806 126 1 435 938 474 960 929 600 951 847 987 593 5 53 557 904 349 46 716 922 1000 636 660 508 212 141 94 606 993 157 648 953 927 436 526 622 113 478 555 130 416 924 654 95 982 569 144 315 850 418 249 592 958 691 192 361 272 979 775 872 976 724 441 963 442 486 468 31 246 20 897 358 856 257 947 65 718 510 990 763 305 939
400
183 398 36 30 202 210 184 160 349 174 317 235 186 110 361 301 171 79 122 31 219 98 119 140 325 184 360 67 152 85 330 78 274 368 92 55 360 117 152 108 13 32 28 73 131 170 84 142 21 321 324 305 234 346 280 398 267 301 227 106 392 347 139 300 14 238 303 151 88 396 245 38 371 145 118 62 223 278 196 1 136 334 247 111 6 285 49 279 138 341 233 284 326 64 213 101 164 391 390 312 75 282 67 259 393 322 133 212 135 147 298 114 91 367 177 146 148 206 33 391 217 96 39 106 197 70 256 39 112 205 292 161 156 244 376 137 253 43 62 299 143 173 2 195 220 316 342 238 225 25 36 329 8 318 327 318 24 311 130 155 47 388 289 27 374 345 332 305 277 26 369 255 365 381 77 228 82 231 286 70 208 285 71 109 119 177 119 150 211 230 81 135 94 325 394 59 248 329 359 76 383 260 210 202 306 188 201 54 333 40 254 104 170 290 159 356 308 299 240 20 389 5 266 52 375 77 276 345 125 102 60 48 127 209 17 189 221 15 35 191 42 317 340 386 162 241 377 80 148 51 262 107 209 224 369 351 297 340 366 237 43 58 105 83 68 185 182 369 179 57 305 32 262 44 263 250 56 390 121 22 131 132 183 310 13 45 116 228 296 337 60 381 122 281 310 298 387 216 93 181 352 134 113 279 270 34 346 63 93 215 97 382 126 65 78 392 269 319 4 46 186 397 314 195 302 399 151 159 313 149 224 178 257 339 158 287 176 157 18 129 395 264 19 190 372 344 11 115 226 23 232 229 390 280 90 378 149 277 62 400 89 281 54 108 246 87 214 323 263 98 189 355 335 29 202 273 38 95 100 375 107 121 123 90 295 157 373 379 167 19 336 258 9 35 74 193 169 12 201 153
20
4 20 4 18 20 8 16 2 10 20 7 9 7 8 5 18 12 16 3 5
50
12 47 30 27 50 2 14 33 19 22 33 7 48 35 29 17 20 34 18 23 49 16 38 36 6 23 39 50 24 21 8 1 46 13 27 3 44 40 32 10 14 23 8 37 50 25 31 45 15 9
100
75 89 61 10 90 30 99 9 17 39 79 39 35 44 84 27 69 76 24 65 14 73 68 40 100 5 42 13 88 1 29 52 36 33 83 70 53 59 12 66 57 85 56 82 43 2 48 3 16 45 86 74 93 18 95 97 6 20 62 34 94 15 72 63 80 47 4 26 31 22 7 55 58 77 64 87 98 60 19 28 92 46 96 25 23 78 8 37 71 38 67 51 91 32 11 21 41 49 50 54
50
27 12 26 43 40 35 31 35 22 47 49 48 47 31 7 6 36 32 11 15 45 18 20 15 24 18 12 41 35 32 15 33 48 49 42 35 8 14 36 30 1 7 33 29 16 31 49 34 13 1
10
5 6 6 10 3 8 8 6 4 2
320
105 86 37 279 201 256 161 291 314 136 266 223 179 186 58 140 194 121 68 237 124 113 45 269 38 245 183 138 305 62 74 123 180 90 107 238 195 18 307 63 86 141 104 299 152 52 115 83 59 66 111 319 82 284 291 15 22 106 270 57 305 130 73 258 192 119 27 28 57 33 76 262 128 61 17 216 203 19 44 238 5 3 210 146 12 273 274 7 272 287 60 274 99 57 314 31 1 204 254 211 166 23 313 178 236 239 34 50 153 311 253 234 282 112 162 167 154 315 288 114 35 30 75 109 26 43 260 44 281 220 2 300 316 301 193 116 73 80 240 3 72 129 101 53 25 247 224 232 265 307 150 215 53 50 55 136 181 195 20 314 95 184 246 106 43 198 14 268 180 221 15 183 296 91 251 212 180 110 43 111 131 242 4 89 243 85 192 136 202 216 190 181 228 241 278 191 81 300 180 153 290 277 247 155 146 91 163 232 93 193 116 240 204 197 124 207 243 254 166 7 127 205 233 31 309 212 69 285 275 125 311 261 306 284 76 56 225 297 78 214 150 224 120 188 105 250 91 144 150 40 87 188 269 13 264 170 270 277 181 199 59 65 185 235 177 219 155 171 142 102 1 189 213 263 217 275 93 148 196 235 320 48 231 182 46 5 122 11 92 188 173 170 204 40 121 318 230 254 67 123 296 295 277 170 175 139 133 62 6 94 47 160 308 145 271 50 145 42 222 159
144
11 89 106 127 96 77 35 19 40 38 100 120 90 119 142 15 67 76 8 94 56 6 49 51 69 71 128 107 119 135 85 55 5 22 58 105 24 109 23 54 108 83 79 5 113 126 27 137 87 73 16 46 132 129 92 21 5 61 101 72 58 1 65 66 105 144 17 112 59 26 26 115 50 65 58 104 67 124 9 88 143 39 42 8 102 99 49 103 78 80 116 18 44 70 56 87 131 141 86 95 125 112 53 122 65 82 28 133 48 2 27 74 57 102 107 7 82 102 29 91 10 20 111 17 21 44 73 135 37 139 102 60 106 144 36 34 98 36 130 29 81 15 86 64
980
139 956 879 515 251 96 657 556 178 284 59 933 944 761 204 543 789 368 768 714 650 446 56 283 636 98 868 771 200 864 885 625 475 296 408 421 112 787 628 97 697 457 171 307 724 233 890 615 762 839 614 350 748 617 496 155 655 390 930 252 775 613 452 16 427 238 765 483 391 137 169 772 286 417 123 425 905 255 290 346 449 8 526 830 558 2 77 669 915 569 439 645 230 563 666 915 355 362 511 232 49 399 835 11 642 441 819 611 218 591 938 219 794 907 358 663 17 601 330 234 129 824 220 73 619 697 367 453 197 3 955 411 387 235 20 145 524 682 735 102 523 801 343 787 271 659 486 136 708 903 751 595 897 262 238 802 842 896 619 44 5 99 689 861 929 521 216 699 585 245 578 404 403 434 363 449 866 80 118 976 447 555 440 44 898 921 257 709 898 851 152 816 498 855 648 859 516 862 245 313 103 667 654 128 336 248 22 211 528 910 482 47 9 375 61 876 190 428 979 172 443 439 406 713 520 223 177 21 908 615 95 537 226 377 957 213 63 728 174 551 73 115 164 331 332 162 354 821 184 937 640 23 664 695 302 4 199 205 624 832 758 289 731 472 950 381 214 260 29 72 577 127 529 570 757 764 628 825 191 817 364 398 227 148 35 948 113 15 962 902 783 15 819 188 278 599 800 28 151 820 116 246 765 258 494 165 192 414 310 604 275 42 559 19 68 64 690 46 152 430 729 435 703 942 487 388 397 336 854 889 462 912 451 913 31 327 266 888 564 786 571 461 877 549 378 980 724 74 644 365 139 906 596 419 67 909 437 319 583 777 191 276 334 848 552 810 652 606 194 329 618 561 629 798 782 456 611 828 141 309 673 696 390 187 352 449 102 684 525 924 852 821 691 897 976 718 795 71 895 769 710 922 26 780 645 978 306 737 165 736 120 802 534 441 847 27 662 499 166 316 925 592 612 300 210 718 317 867 566 510 323 864 42 335 527 576 922 122 438 639 766 590 834 771 966 79 394 285 321 746 224 934 228 239 792 806 598 578 856 410 785 389 975 597 947 942 811 93 301 861 458 509 631 973 960 153 469 340 393 206 701 477 14 588 478 538 942 825 157 268 403 126 553 384 260 936 544 572 97 186 5 299 674 773 826 725 863 921 407 914 420 104 884 781 215 90 196 643 33 485 506 548 174 530 874 740 573 435 807 320 302 730 287 651 886 422 305 134 459 356 256 621 462 201 765 502 565 207 183 677 78 159 196 186 300 189 299 791 665 949 135 10 637 912 705 512 635 507 903 336 471 282 894 771 295 944 272 65 318 118 696 465 722 518 261 718 596 220 819 901 634 706 416 950 635 968 338 269 804 429 100 255 337 747 82 83 221 793 437 312 726 182 858 504 788 633 579 291 661 711 744 610 479 315 33 666 847 687 154 910 970 924 831 110 554 480 359 32 81 212 326 194 88 158 325 514 103 893 830 45 908 841 17 932 808 543 86 255 387 778 247 70 734 400 119 575 414 105 198 179 79 581 522 622 333 142 385 523 28 625 428 954 929 539 396 448 763 594 821 348 467 760 13 813 792 849 958 923 6 602 264 753 837 46 425 623 955 547 733 350 945 526 349 121 823 761 681 613 393 413 807 904 827 216 193 973 53 156 489 442 432 307 532 75 533 721 535 220 202 584 358 154 546 784 501 872 692 693 698 664 694 145 649 111 734 24 793 553 420 256 707 473 977 720 460 497 247 146 463 642 87 395 920 500 249 138 448 951 763 882 214 60 130 745 486 672 939 587 931 563 754 593 599 258 776 911 203 766 742 236 927 609 345 373 447 624 277 702 618 891 175 464 168 157 70 878 18 376 117 711 52 623 668 675 636 967 785 481 1 294 322 7 513 616 36 979 550 423 344 149 143 746 803 482 274 813 109 149 940 12 431 242 336 605 464 626 844 429 797 173 503 360 101 380 575 892 370 265 309 379 638 838 184 540 690 969 818 796 965 847 952 195 201 860 646 803 530 881 727 749 240 57 311 641 607 366 395 579 426 318 715 263 850 468 55 935 858 471 586 756 870 243 739 132 208 257 342 792 92 582 372 505 69 953 750 881 222 43 371 268 85 19 37 744 580 455 149 917 292 94 626 589 360 444 536 820 676 415 914 190 58 297 250 237 833 51 225 50 373 126 660 144 646 484 73 829 603 418 568 743 31 526 284 91 871 961 919 817 445 805
53
42 4 13 30 21 28 45 19 41 33 7 43 48 27 48 14 22 16 13 44 17 49 53 18 2 5 37 10 12 31 47 36 46 38 26 11 30 1 15 29 32 39 25 24 7 45 4 8 3 40 50 9 34
231
116 149 226 76 193 214 49 105 71 155 20 19 133 63 186 72 193 149 12 189 113 84 45 216 126 134 191 23 101 81 193 120 188 168 146 210 60 31 226 72 39 163 44 190 141 172 189 176 15 42 14 81 67 145 18 139 114 59 114 163 165 108 93 169 221 173 176 75 213 10 139 229 17 102 61 182 231 61 181 11 165 43 208 203 20 66 144 126 229 134 170 70 86 179 81 99 105 115 4 63 194 127 1 123 115 9 42 160 62 54 172 74 217 112 64 220 87 121 1 25 24 210 122 51 216 42 135 76 3 105 140 190 83 26 33 182 154 11 43 191 221 85 199 90 10 24 230 173 54 151 39 144 217 41 27 199 31 209 171 146 17 218 191 38 78 2 39 123 137 99 54 210 211 220 43 81 179 153 195 221 56 117 107 211 77 35 28 26 106 117 27 215 158 141 1 39 207 168 174 206 210 112 152 119 71 228 107 55 221 219 148 122 154 48 119 109 170 140 122 160 209 114 173 109 168 137 205 49 29 147 197
10
10 9 10 1 6 2 2 3 4 2
10
7 8 4 3 6 4 2 2 4 4
100
45 7 97 24 53 63 21 100 23 14 82 20 64 27 29 98 49 16 18 36 94 54 76 59 56 90 12 3 77 48 15 8 25 96 80 52 71 41 74 11 68 66 44 79 1 69 26 1 99 78 62 33 38 37 31 13 91 42 81 70 4 83 84 92 10 45 46 87 61 39 9 17 65 19 35 88 50 86 93 85 75 6 28 22 30 95 47 34 5 32 72 58 73 67 2 55 43 51 40 60
1000
98 796 843 300 542 346 680 63 347 21 492 755 661 592 281 22 184 425 356 526 372 439 601 617 454 233 63 16 237 396 660 571 388 892 860 860 268 975 985 441 20 5 315 803 294 223 653 190 960 598 246 701 423 403 325 364 173 579 589 291 656 913 130 34 473 692 232 771 880 578 34 130 932 232 251 316 787 370 627 40 482 176 401 185 984 514 170 196 219 99 284 639 953 557 633 85 452 397 160 936 860 23 316 126 515 575 913 827 863 120 772 222 475 112 259 867 867 996 41 605 431 571 449 433 684 74 470 544 190 715 792 808 533 766 747 568 614 726 778 476 795 4 217 519 684 772 267 153 884 130 462 627 921 569 25 982 804 354 35 665 345 1 469 744 263 573 879 462 682 918 205 432 984 780 334 34 850 991 892 51 115 804 328 359 415 810 787 751 859 659 427 899 692 702 837 839 593 586 429 177 929 870 558 499 791 484 30 504 257 771 955 721 895 935 494 599 703 894 569 359 281 443 908 379 7 333 587 793 663 586 123 278 323 499 486 52 733 34 706 364 694 283 131 324 538 818 633 314 237 75 185 197 899 810 819 990 55 663 139 753 379 487 351 231 486 101 133 615 600 108 138 543 667 410 774 928 71 326 408 384 245 166 68 983 276 105 470 647 253 785 10 597 72 51 416 795 650 111 519 457 669 917 611 472 5 467 930 661 850 406 331 239 115 400 527 30 608 332 186 555 127 768 969 569 116 387 110 7 934 400 270 45 320 473 904 761 846 34 649 607 502 862 901 834 28 593 20 13 149 530 903 543 644 338 697 26 849 477 932 407 606 467 20 473 330 385 384 975 561 775 153 135 194 665 172 795 625 6 124 639 912 108 278 231 2 49 308 616 841 827 832 115 771 683 758 914 11 549 699 553 46 54 196 673 64 216 522 103 782 631 44 733 236 699 208 880 873 985 923 432 479 835 943 123 667 128 809 937 407 764 684 60 537 394 652 250 721 776 492 383 109 326 514 703 377 366 536 819 202 114 471 467 452 16 414 129 400 913 566 313 785 5 859 651 54 811 397 609 434 140 563 311 760 909 907 279 487 835 713 561 997 695 989 472 323 957 50 175 606 961 875 185 520 87 895 502 526 927 470 950 195 864 510 393 679 451 166 925 139 83 91 961 809 425 122 846 157 336 792 894 907 643 881 732 962 49 95 985 88 553 394 417 349 226 501 930 250 651 366 128 944 81 84 121 373 533 354 578 994 580 959 978 721 501 535 433 663 180 824 811 733 856 81 978 129 149 90 25 867 550 103 3 45 257 12 302 639 154 788 702 955 394 559 94 997 169 1000 227 511 779 579 514 884 712 287 628 573 103 114 559 667 361 715 872 459 8 715 948 749 757 267 536 787 585 177 822 887 108 404 701 63 412 622 211 247 621 556 559 461 495 180 514 18 344 638 10 282 288 503 726 862 677 679 325 570 977 507 531 865 138 217 49 273 955 295 999 341 782 83 24 925 467 706 525 231 928 987 617 627 839 301 430 964 563 239 322 315 34 897 242 966 853 701 646 779 24 411 588 987 466 614 595 441 634 940 547 989 302 247 469 715 9 669 838 420 917 8 721 690 507 854 563 868 724 394 961 212 119 338 818 99 250 60 580 98 750 328 310 46 142 185 415 304 359 581 140 906 888 979 563 829 147 176 179 865 77 52 44 970 799 762 466 185 559 828 649 379 188 440 33 353 926 605 950 618 563 344 352 739 205 473 171 619 884 643 247 46 325 232 888 9 169 304 209 113 13 123 798 771 471 929 11 972 815 189 508 219 879 57 716 220 974 1000 94 437 90 518 537 834 648 724 906 163 932 350 870 382 962 191 584 248 376 919 671 728 925 26 757 501 178 963 323 74 350 808 148 287 858 749 845 155 919 612 510 692 73 945 472 60 936 691 641 329 733 206 896 247 511 401 341 694 763 601 435 429 381 674 433 799 64 438 808 451 854 19 986 788 628 668 755 60 795 747 543 848 789 60 769 487 517 634 511 965 214 144 378 139 164 535 517 478 496 128 573 171 353 130 925 271 899 592 719 427 701 817 878 170 306 258 815 984 803 915 719 959 230 263 128 371 710 319 21 541 896 224 492 868 528 743 401 806 305 932 754 139 740 59 789 397 728 20 660 581 229 908 842 811 940 320 258 882 771 967 77 706 637 284 432 139 254 38 470 123 986 203 870 150 513 842 794 471 466 954 203 253 337 311 500 729 118 787 362 560 690 297 734 588 317 971 185
160
110 22 88 63 118 153 46 136 41 85 8 76 153 97 56 113 52 94 154 17 15 96 20 85 26 66 60 114 145 155 135 131 61 18 96 93 48 47 79 67 42 141 9 33 91 119 129 149 150 1 130 36 28 51 29 98 38 129 34 39 157 5 144 57 112 14 99 40 104 62 90 83 100 127 74 29 117 121 54 43 2 16 70 23 107 25 19 109 44 160 139 82 81 137 108 132 59 111 6 3 133 152 4 21 75 97 64 103 124 77 138 89 116 68 46 50 11 73 65 101 126 69 147 95 156 30 150 80 92 105 120 87 140 53 7 146 128 86 27 125 123 143 134 31 78 32 159 142 84 102 42 148 45 12 71 10 72 44 122 37
3
3 1 1
100
17 100 68 36 64 93 67 16 63 15 28 92 30 45 35 38 22 92 68 33 2 63 51 98 89 73 14 25 78 84 89 83 34 96 10 98 31 8 52 60 99 14 88 56 71 84 9 60 39 61 83 15 51 86 63 57 37 26 27 67 46 30 77 76 32 69 40 19 98 74 86 79 34 98 71 16 22 67 70 91 31 84 23 62 43 87 54 48 28 41 50 34 77 8 65 92 52 66 41 21
100
62 16 59 34 50 90 13 61 36 63 75 26 30 72 80 28 7 96 41 2 66 45 99 8 73 32 15 71 40 33 88 1 5 12 83 44 68 87 77 22 60 18 95 79 51 94 9 10 56 74 47 84 43 11 39 21 76 24 89 92 98 38 70 69 78 48 19 55 64 67 14 100 4 86 52 42 65 23 35 64 27 53 37 29 54 85 20 3 91 49 81 31 6 93 25 17 82 97 58 46
1000
8 580 821 336 697 692 346 1 147 174 544 718 33 627 397 70 586 162 288 746 481 888 59 582 203 840 153 750 763 367 79 886 845 474 315 560 522 952 810 515 740 930 899 458 420 779 148 714 230 842 220 133 159 72 936 368 487 400 23 269 318 671 525 612 511 517 262 263 865 16 830 764 488 975 741 650 450 812 31 393 255 575 909 68 585 700 892 199 83 507 755 912 248 773 465 114 377 979 643 439 797 680 655 599 670 363 798 58 993 729 826 583 523 577 124 757 547 340 43 686 201 298 301 738 334 410 574 164 454 806 889 663 313 501 852 633 227 926 143 477 770 292 139 279 542 185 556 117 730 449 761 591 546 538 331 205 333 908 53 590 264 18 765 867 381 332 179 745 774 656 433 520 190 283 955 156 983 350 167 956 34 691 409 701 146 734 914 394 991 10 226 311 426 568 679 245 492 637 130 365 121 210 109 659 258 851 173 902 949 202 246 960 52 152 735 981 695 430 225 51 442 98 965 854 850 191 137 801 849 49 807 603 790 519 69 561 549 725 237 330 231 372 486 181 196 694 736 93 893 438 673 657 792 768 645 752 939 451 866 498 677 67 2 536 913 328 880 942 800 933 73 793 945 829 731 103 923 929 321 953 85 593 370 631 309 342 284 19 579 506 970 142 219 602 371 794 753 122 876 769 123 471 317 232 558 110 640 218 115 541 192 503 48 961 276 329 303 236 639 540 719 676 304 341 606 847 429 427 316 240 155 166 157 125 668 4 990 748 915 118 273 644 434 322 647 7 443 702 832 178 138 715 883 996 408 820 383 161 995 827 747 407 877 934 200 901 30 919 743 62 537 242 778 325 662 878 97 815 898 860 165 396 357 739 950 897 785 395 649 244 539 705 80 188 388 382 6 962 887 704 5 253 529 853 106 310 362 355 169 126 75 684 479 766 207 803 175 326 508 496 624 553 335 861 535 193 491 271 327 598 997 954 171 552 614 788 275 250 100 463 828 221 966 589 452 462 131 875 344 569 559 406 838 129 208 359 473 44 389 505 759 446 278 783 95 635 781 88 260 924 302 3 457 489 744 675 140 896 189 532 530 414 918 651 758 243 57 678 811 45 312 197 112 510 661 104 54 337 128 703 567 573 610 564 460 290 90 419 642 494 638 636 817 947 40 625 707 733 234 172 25 825 113 964 63 814 578 835 239 596 621 480 868 767 425 259 160 566 391 320 60 687 323 11 999 780 215 819 347 791 693 709 422 632 722 776 81 305 183 36 99 150 917 295 846 816 229 194 756 613 216 502 856 127 265 440 343 527 289 493 972 737 241 587 795 17 584 946 444 472 119 948 906 646 615 513 938 864 706 176 665 294 324 274 617 206 818 988 464 55 968 64 570 26 595 402 415 314 941 373 531 15 871 421 516 713 14 12 690 885 459 554 136 428 466 512 717 198 881 307 497 509 859 698 890 969 345 895 672 76 484 823 935 831 65 170 252 870 837 907 495 375 132 711 601 951 789 762 726 105 490 469 251 418 476 423 261 771 195 102 932 211 222 412 894 120 413 524 808 475 724 352 551 403 217 843 291 405 21 86 184 348 500 728 392 921 108 732 297 786 24 213 468 658 804 721 799 796 96 992 716 555 998 667 521 669 699 182 622 35 911 629 266 154 94 858 77 247 384 41 802 944 620 873 168 20 361 338 931 28 401 256 456 943 91 957 116 485 461 813 151 411 29 282 163 453 534 254 300 141 974 884 417 390 937 235 682 723 46 594 369 619 437 626 387 710 973 436 374 233 940 435 272 296 13 581 959 107 61 927 228 82 416 280 920 844 616 689 600 39 543 78 760 526 378 42 641 607 674 356 144 922 652 869 609 111 360 441 782 71 654 349 862 994 528 982 989 134 967 712 987 50 696 66 910 565 482 857 257 986 664 618 404 224 84 727 848 985 145 380 424 833 904 562 306 978 358 533 824 604 623 571 455 980 448 299 504 376 958 267 135 605 353 772 630 32 399 22 572 351 925 87 249 685 648 478 308 379 287 286 366 916 963 863 976 557 660 518 839 447 928 92 158 187 339 777 563 483 47 805 550 822 277 470 891 872 281 445 149 37 749 681 270 364 653 499 775 597 900 809 186 984 467 742 293 588 514 592 688 385 666 38 89 432 209 180 101 879 576 212 784 398 882 634 223 754 27 611 214 855 977 1000 787 319 74 905 971 751 9 874 268 836 177 56 903 548 841 608 683 285 708 720 628 834 238 354 431 204 545 386
10
4 3 10 6 1 4 10 5 8 3
320
90 89 285 129 11 44 272 303 46 14 195 168 179 131 60 103 67 71 283 29 217 193 72 21 228 56 116 106 315 195 19 41 88 75 84 305 310 285 164 67 171 18 244 65 107 318 140 99 85 236 62 282 117 284 96 315 86 270 257 161 217 183 251 20 281 307 47 226 267 203 283 119 45 231 24 211 65 232 300 222 113 44 53 188 254 115 225 277 90 270 244 180 91 250 101 151 277 285 319 229 130 138 148 294 206 12 11 203 272 310 82 279 26 254 259 234 50 76 260 153 94 197 116 87 85 252 279 236 76 223 317 61 200 35 199 261 51 219 280 200 56 290 56 236 302 167 139 181 73 115 89 318 128 11 28 297 243 99 39 217 160 259 204 91 263 8 257 198 144 143 52 145 165 286 104 284 93 238 52 92 234 2 131 252 103 302 102 103 63 59 136 83 310 107 30 252 120 315 130 252 119 284 308 92 136 2 187 68 167 16 26 52 2 43 208 79 33 198 158 72 11 206 178 278 255 4 184 201 242 228 74 297 207 78 238 274 310 183 92 4 117 27 164 145 204 162 25 224 247 78 228 54 271 190 96 317 140 239 32 31 38 134 286 164 154 39 285 41 218 124 31 34 110 173 90 223 272 154 249 166 264 57 247 254 34 120 253 30 77 264 272 194 77 260 185 181 210 281 123 89 207 77 256 222 124 225 200 245 117 192 83 242 163 171 208 207 95 62 233 315
10
10 3 7 7 7 1 5 6 7 3
20
15 4 17 15 15 12 10 6 14 7 19 16 11 2 3 1 7 9 11 17
10
10 3 7 7 4 10 10 2 2 6
20
14 19 6 20 10 2 1 14 19 14 20 20 1 2 3 13 2 12 15 16
20
10 4 12 20 17 12 14 16 4 5 18 8 16 20 13 8 4 9 3 17
873
185 584 489 464 8 793 548 850 771 735 418 160 249 3 204 384 224 324 660 657 712 267 680 732 608 61 557 706 519 637 1 483 754 238 821 569 353 768 42 526 865 472 161 135 663 804 347 176 243 467 690 144 311 611 139 78 337 65 471 30 332 242 721 453 872 461 153 568 51 340 4 234 27 527 171 165 522 734 549 379 162 299 99 708 45 583 824 505 25 41 820 681 697 597 466 235 562 410 382 786 440 501 819 633 458 484 297 14 193 306 478 479 810 387 566 457 809 534 6 76 497 190 354 741 75 374 861 174 264 782 507 32 836 356 121 609 77 330 731 746 532 703 258 141 399 148 739 488 314 589 733 295 462 350 368 580 438 753 592 574 514 143 321 395 108 477 90 59 859 407 779 373 475 556 434 280 486 260 506 456 770 315 756 551 670 452 55 346 67 846 436 742 26 631 183 173 110 388 122 129 265 213 510 775 172 411 697 474 389 709 192 662 287 591 441 726 748 699 142 298 52 722 766 210 50 640 270 854 66 147 49 765 214 792 420 688 383 606 20 364 272 724 124 205 247 614 156 574 401 682 286 291 847 103 428 802 123 309 290 520 796 623 864 170 70 53 414 463 87 682 102 603 755 781 738 357 752 654 355 46 343 292 822 371 113 87 848 625 524 480 601 313 492 832 868 361 607 643 125 64 560 546 858 757 867 319 783 386 787 207 487 36 840 711 870 301 539 186 372 521 744 115 233 627 530 145 862 24 540 94 494 751 221 542 18 216 843 545 196 85 178 88 318 673 296 345 271 376 564 515 257 12 455 498 845 228 352 44 378 320 791 152 629 175 626 98 638 772 29 54 600 437 429 304 777 323 618 369 417 223 154 696 80 747 617 231 571 713 656 400 131 573 317 767 565 28 269 43 667 261 710 81 826 303 482 499 91 666 423 31 413 727 469 730 699 358 686 240 692 602 707 851 651 117 567 427 621 780 612 849 360 100 639 305 543 641 490 82 587 558 391 459 495 664 82 675 71 359 263 674 15 704 227 653 866 844 577 662 852 661 37 86 794 134 168 405 63 517 380 774 655 89 860 735 509 146 219 613 805 508 97 826 16 105 211 225 22 585 40 502 255 678 745 430 798 206 632 684 222 119 362 645 763 687 132 579 398 404 590 333 761 109 563 473 254 217 491 164 716 529 159 365 62 269 616 644 106 167 199 869 724 615 308 19 84 180 605 575 797 683 841 229 622 442 136 34 829 197 177 331 23 150 825 576 72 390 101 116 799 137 468 2 630 465 252 776 547 149 10 38 537 578 857 610 311 433 649 701 294 163 47 245 60 187 381 92 873 700 195 226 541 451 194 79 474 385 278 182 241 345 57 702 642 288 259 679 561 528 470 698 815 481 439 743 636 107 300 749 813 581 837 279 817 582 246 96 425 760 503 169 212 671 736 39 112 127 284 426 209 28 634 835 811 677 769 189 275 370 422 443 525 446 151 218 714 784 808 251 646 554 496 494 797 531 402 403 598 853 334 834 800 68 604 785 184 302 335 326 535 855 104 446 670 720 208 454 871 299 268 328 665 327 447 191 133 237 707 694 166 818 460 493 126 717 691 11 406 450 570 695 595 248 5 536 285 236 555 336 706 424 856 435 344 348 762 838 266 830 672 669 253 619 393 250 215 445 833 48 273 419 758 276 511 789 397 17 823 487 128 512 485 572 594 831 412 635 202 788 181 523 283 338 504 513 7 329 242 650 415 600 160 188 599 339 366 281 256 325 140 93 293 764 827 596 828 719 239 685 58 394 351 421 198 312 200 138 220 728 620 740 203 533 718 277 806 155 588 628 659 341 158 114 689 801 21 232 863 289 56 803 668 842 408 120 201 403 834 74 807 586 230 652 839 647 367 448 218 310 778 729 705 550 179 432 409 307 396 773 262 658 593 342 95 539 118 693 500 444 648 449 157 538 676 282 111 33 244 759 553 516 35 790 9
500
294 125 187 184 416 153 458 184 70 166 31 83 301 377 287 253 403 10 30 416 224 118 195 426 357 66 189 264 291 15 472 443 167 57 113 412 266 33 395 283 77 455 326 222 82 476 428 349 108 380 174 246 44 379 411 229 11 174 492 17 265 119 192 452 332 61 145 81 374 230 398 432 116 243 500 163 107 307 409 159 161 149 488 358 156 80 446 369 76 41 419 473 481 431 238 280 226 216 93 421 305 299 269 444 131 39 187 100 303 369 320 189 131 322 195 182 262 325 373 410 127 186 38 185 353 44 198 148 447 83 492 225 481 470 108 418 359 145 20 385 239 442 114 22 82 213 241 331 142 360 437 306 415 215 485 477 28 266 478 390 480 447 392 221 144 223 268 194 208 178 130 63 176 205 1 493 82 339 174 483 256 87 408 122 207 387 327 354 241 377 316 319 243 226 292 441 425 121 28 252 373 56 405 129 118 464 358 278 210 492 417 430 239 105 34 51 409 92 284 18 344 415 356 15 361 106 200 203 84 372 138 401 240 227 363 226 201 67 2 49 434 425 407 436 196 433 417 223 468 53 303 279 207 151 215 366 166 218 381 78 136 471 245 60 335 320 71 177 426 396 475 313 244 329 137 105 99 208 119 291 350 329 287 450 150 200 467 26 183 50 345 494 78 232 226 116 479 74 437 204 174 426 415 337 254 307 342 256 264 351 238 247 376 337 195 284 109 144 486 184 394 454 257 252 160 259 158 406 156 150 455 132 76 69 168 70 163 449 143 427 308 220 240 463 219 21 47 261 464 80 259 24 199 378 210 424 71 463 298 115 468 35 96 273 140 185 230 224 336 159 36 83 317 334 13 341 190 312 181 35 32 452 459 74 354 159 348 415 461 258 288 212 270 486 27 387 251 70 90 158 474 209 352 480 483 20 288 192 162 96 52 455 330 323 263 262 298 296 336 281 242 8 383 281 362 338 215 480 420 376 200 426 188 343 271 128 96 326 274 459 90 340 98 176 466 175 484 188 476 482 37 303 378 59 500 278 451 290 25 322 203 247 408 345 210 326 351 55 368 389 157 469 161 273 495 152 435 101 149 329 225 104 89 383 444 413 218 134 203 390 1 99 213 300 38 43 265 251 376 227
51
14 19 40 49 30 42 51 43 26 17 6 45 23 9 8 13 44 48 46 22 32 31 3 21 50 33 16 25 11 1 24 28 39 15 10 23 12 4 2 13 18 27 41 37 36 5 48 47 34 47 29
10
2 10 8 2 6 7 6 5 10 6
100
30 37 14 21 45 24 47 35 56 18 72 75 51 3 26 67 65 10 20 19 4 98 46 6 95 15 71 43 61 1 36 85 39 96 8 31 2 62 33 93 58 49 28 83 5 23 7 80 42 68 13 66 77 87 89 9 91 41 70 84 29 38 97 73 17 52 16 50 94 59 27 11 64 86 12 88 53 90 100 48 82 81 44 60 32 74 54 76 55 78 57 99 40 69 25 34 63 22 92 79
50
48 39 12 18 16 43 37 25 32 41 49 5 46 37 23 40 27 37 39 5 27 29 1 16 9 13 34 47 10 21 9 16 8 43 31 12 19 48 21 25 25 31 6 10 5 43 49 41 43 2
100
46 84 60 84 43 87 35 39 98 71 89 61 87 76 22 28 70 91 8 15 73 56 54 77 81 20 59 44 40 80 98 16 74 64 32 58 2 1 37 47 71 93 13 49 62 95 99 63 88 26 36 66 27 48 49 40 27 78 67 38 18 42 51 21 41 53 85 51 8 96 72 5 83 81 62 89 19 23 34 52 97 36 76 24 80 35 65 86 79 74 90 9 94 17 92 75 12 60 50 70
20
5 9 8 5 19 19 5 3 12 6 14 15 8 4 7 12 9 19 15 7
20
7 19 8 18 8 11 18 6 3 4 18 6 15 13 1 7 7 4 5 14
320
189 225 145 163 249 221 126 290 115 70 239 34 52 235 197 100 314 319 156 240 74 119 180 292 212 86 15 48 231 261 212 62 11 289 175 256 311 232 100 56 275 248 229 234 150 38 89 107 130 73 45 98 113 148 4 19 88 307 155 50 1 160 137 241 72 194 268 202 121 211 251 185 219 154 279 171 41 94 284 25 226 15 50 71 5 120 213 131 302 53 145 249 202 184 309 104 182 230 238 82 172 46 64 274 308 158 136 36 164 95 180 269 87 175 85 28 243 200 287 106 139 41 70 89 9 110 28 105 219 206 260 40 21 80 99 189 198 304 81 156 91 318 178 269 149 248 290 141 265 84 20 33 65 281 172 241 207 63 32 125 192 254 46 162 47 32 291 151 42 17 194 44 69 100 51 219 45 222 2 90 117 311 133 261 28 146 255 190 166 187 229 216 154 157 45 286 263 264 239 18 233 253 92 114 111 83 109 23 204 69 236 214 128 55 197 310 308 299 183 127 307 43 128 277 122 17 247 276 181 285 290 152 227 76 237 135 224 180 188 221 318 318 209 99 239 263 2 132 153 196 305 114 290 68 134 161 83 129 316 14 16 97 299 257 250 17 279 168 123 12 54 97 304 320 13 3 75 59 119 133 86 92 190 146 173 18 95 194 228 296 165 24 252 209 279 312 283 33 67 294 77 104 112 239 143 53 78 303 182 34 259 155 72 179 151 57 13 167 36 79
53
31 48 46 19 32 50 4 1 29 8 15 37 45 16 28 49 14 12 38 10 44 17 33 26 13 30 9 42 5 35 10 31 20 53 51 40 39 18 13 6 25 21 36 25 41 3 3 27 23 46 47 2 11
1000
446 804 307 213 201 816 989 837 719 845 581 46 119 542 836 75 501 187 486 844 309 621 202 74 285 469 452 997 91 610 683 318 38 411 634 835 342 925 455 6 142 210 40 586 657 25 103 738 112 945 814 462 934 99 769 247 5 921 468 988 383 929 653 102 689 363 732 812 571 938 68 90 821 886 924 764 706 481 345 891 865 902 24 497 709 378 267 61 317 678 985 741 37 149 212 639 513 975 622 922 903 18 139 33 931 557 41 505 2 177 460 594 541 820 725 556 530 291 754 81 957 583 89 484 907 292 123 974 935 466 674 915 775 390 416 772 358 184 946 356 611 485 670 509 86 189 850 536 259 50 944 498 899 534 531 908 558 755 647 867 88 108 986 537 936 567 730 125 77 382 874 43 235 250 832 121 587 757 737 496 336 417 58 690 240 301 445 747 630 888 100 726 477 672 255 572 30 771 841 916 76 951 443 197 482 970 166 357 22 711 324 529 616 107 365 592 172 660 927 261 134 115 519 179 42 39 348 49 778 151 217 320 846 451 784 894 15 104 696 677 470 404 380 822 457 512 533 181 490 26 366 701 599 579 420 973 409 707 35 331 588 85 182 991 10 786 14 574 408 635 352 753 826 802 745 511 302 710 146 840 948 792 828 776 454 815 13 436 492 716 387 992 612 896 226 244 723 442 156 905 373 514 45 278 137 790 640 381 60 47 728 667 329 876 560 636 575 1 960 809 644 232 392 781 163 219 101 71 798 799 548 884 620 968 499 977 684 340 234 453 900 69 817 362 450 869 406 803 316 195 806 906 811 645 668 783 712 625 269 584 912 341 93 885 673 150 724 800 188 311 427 211 410 34 539 374 290 964 598 680 614 173 225 669 170 517 546 262 239 733 313 676 585 665 120 397 423 860 595 863 153 918 208 325 242 204 495 143 971 435 321 62 180 288 110 504 491 130 421 403 661 493 303 605 947 79 942 780 882 72 700 84 617 699 913 966 535 412 106 983 349 602 965 394 323 109 140 742 982 785 293 953 818 361 228 339 246 308 190 829 565 739 631 807 114 866 281 198 638 64 178 360 976 862 221 646 426 510 284 958 306 169 314 31 159 402 744 351 765 17 743 431 479 773 337 300 122 9 105 471 428 304 789 94 959 359 879 263 861 253 939 577 910 65 632 230 315 523 97 507 961 405 422 870 758 158 569 538 767 750 604 264 391 746 972 449 914 218 990 618 881 233 919 407 53 476 950 258 515 838 196 489 296 550 347 686 44 681 147 254 70 168 92 488 940 194 400 82 458 66 23 251 388 220 344 824 19 518 429 547 872 705 774 628 717 714 174 708 419 461 430 200 685 440 522 890 627 377 794 877 277 704 831 502 893 305 129 796 199 998 875 116 721 256 371 51 395 132 823 266 214 525 687 768 243 601 955 238 209 880 506 543 154 568 439 334 260 265 954 782 937 385 994 463 735 675 192 157 795 124 853 993 663 909 898 981 570 980 943 520 144 98 330 503 206 578 328 722 864 623 941 16 299 648 779 326 128 715 27 138 186 312 791 161 849 819 904 825 727 231 857 652 582 777 549 664 995 52 368 897 350 562 438 8 749 662 554 787 691 56 596 472 57 354 327 117 996 272 456 521 606 692 399 930 658 164 367 516 928 335 7 386 59 155 698 854 175 544 979 655 760 67 185 145 801 401 483 932 855 969 559 148 926 600 295 162 901 131 659 763 353 268 448 813 637 55 11 626 629 289 615 480 343 810 553 956 580 591 911 978 679 527 851 858 895 273 203 275 607 873 736 294 437 856 333 433 332 126 21 650 999 494 633 370 475 852 441 274 666 651 376 118 3 283 949 167 564 920 249 883 847 842 245 729 613 720 32 759 160 788 465 589 963 770 808 141 608 593 87 619 597 478 216 241 682 183 287 83 887 532 63 526 398 892 372 29 834 473 987 762 152 393 555 703 474 1000 859 656 215 418 415 487 756 447 576 967 248 641 649 136 224 113 566 688 193 830 751 286 176 671 467 642 868 222 413 827 297 54 20 563 508 48 127 396 871 843 561 369 223 952 654 298 889 257 848 28 464 766 280 878 237 693 310 276 364 839 319 73 434 227 748 702 252 80 279 740 425 833 270 731 375 338 135 524 962 95 643 133 917 540 713 424 379 697 236 111 389 695 500 923 793 171 551 432 229 96 797 609 355 528 444 459 718 734 207 573 191 752 271 36 545 78 346 694 552 933 624 165 603 761 590 805 12 322 4 205 984 282 384 414
10
6 9 9 2 9 5 8 2 4 5
165
71 93 121 8 22 120 129 58 24 157 163 155 27 164 1 44 50 39 107 107 75 146 100 88 18 151 47 22 78 27 158 3 147 133 110 2 53 105 16 154 82 70 165 99 12 85 110 141 149 68 151 1 37 117 151 64 86 79 100 5 152 92 91 113 105 150 123 10 61 120 86 16 126 34 152 39 38 35 14 81 90 97 28 64 144 144 91 163 6 80 105 23 123 110 64 120 34 85 52 19 42 14 33 103 9 8 92 89 149 94 130 134 96 10 92 112 158 149 134 9 32 88 93 10 155 7 17 21 126 68 27 138 116 73 126 54 151 78 41 70 86 84 12 79 29 145 103 33 152 161 156 126 83 55 127 111 111 77 146 21 162 129 122 104 155
100
65 17 79 40 36 49 6 4 54 60 74 47 69 70 19 68 26 81 25 39 12 33 80 71 93 27 67 84 76 98 24 83 62 77 96 35 82 97 72 100 5 59 58 15 87 11 51 20 89 21 85 95 3 29 52 14 38 37 44 45 42 7 13 46 8 18 94 1 53 91 9 34 22 61 92 48 73 31 88 99 28 78 2 75 32 56 43 16 86 66 90 41 63 30 64 50 23 55 10 57
10
3 3 8 3 3 3 3 3 3 8
10
5 4 9 5 8 1 2 1 2 9
53
20 52 10 17 48 35 47 4 25 13 19 43 44 38 40 26 37 21 5 14 32 11 15 29 7 35 31 24 49 34 53 9 18 45 26 27 1 1 12 42 38 2 45 39 50 41 34 16 6 30 3 46 8
10
8 4 1 5 2 7 3 10 6 2
1000
541 330 599 712 853 200 962 88 603 38 652 894 234 642 53 987 540 650 502 507 870 711 630 301 125 70 974 470 716 902 73 872 925 976 1000 150 493 915 441 136 644 51 283 828 265 868 415 499 725 406 403 912 511 288 764 469 830 397 883 789 156 389 427 46 950 310 436 692 418 426 939 92 940 536 202 356 649 969 242 352 501 366 533 343 416 953 568 928 910 292 802 408 12 212 116 831 34 194 621 312 255 809 772 362 230 74 771 548 880 733 494 823 486 935 595 677 267 781 679 827 816 778 580 35 58 305 862 442 683 173 922 838 7 475 339 402 840 765 718 32 28 325 911 561 770 885 215 721 966 645 112 282 433 217 657 954 672 982 611 824 753 818 745 113 216 627 41 572 359 86 393 670 835 25 946 430 738 836 887 527 333 956 695 537 204 963 387 369 245 913 399 394 66 223 186 244 593 331 464 741 661 879 943 262 560 579 473 16 730 308 890 938 492 253 483 332 510 512 552 272 871 220 391 152 178 810 808 811 23 167 556 653 48 346 775 691 731 563 833 700 9 994 740 822 754 231 316 761 941 614 79 914 198 576 514 273 792 341 696 747 735 141 659 589 158 791 988 526 107 137 886 18 804 892 176 803 654 386 275 759 429 270 916 296 503 710 443 610 545 717 549 961 656 381 673 280 929 232 435 221 482 199 825 839 128 459 762 294 788 628 567 921 264 233 345 321 985 832 562 89 591 694 390 445 130 932 114 98 704 846 947 481 707 960 889 263 254 289 666 559 519 930 434 757 973 942 276 382 219 162 197 476 737 143 182 617 106 466 419 278 750 719 578 100 323 448 605 371 937 585 161 797 600 907 334 411 247 463 327 582 917 774 428 920 119 678 171 531 854 146 299 131 655 63 685 243 558 936 209 163 159 166 235 240 377 468 315 598 616 417 148 485 69 236 218 21 713 184 87 249 324 375 577 290 805 681 447 682 665 410 968 85 782 592 271 615 687 513 728 689 450 715 165 826 135 505 261 380 227 684 222 586 498 42 26 569 583 863 785 54 279 790 455 807 213 132 241 71 905 153 524 895 668 169 383 99 926 646 67 861 813 557 172 554 509 317 896 703 328 207 103 392 965 489 979 980 189 370 553 151 984 82 338 297 269 36 177 379 924 991 619 225 746 998 342 349 814 662 596 440 329 266 899 777 571 237 123 337 891 573 834 900 760 850 607 154 480 203 404 660 780 45 722 256 877 22 449 931 407 424 906 709 609 884 10 64 701 844 897 452 423 755 967 97 409 981 487 361 923 20 606 908 769 188 964 635 30 542 602 372 458 246 77 60 664 986 298 378 363 970 516 49 546 195 550 191 439 574 293 581 604 340 641 843 398 992 488 876 303 851 1 50 622 40 360 145 821 258 856 43 680 124 55 697 518 949 983 500 708 355 52 479 767 326 260 927 110 995 608 185 508 779 157 111 674 845 460 353 752 852 523 65 904 773 226 96 142 196 504 93 56 8 997 714 866 115 5 588 727 118 951 421 15 919 632 192 817 564 108 698 122 268 78 643 454 127 620 336 768 594 456 893 451 414 859 358 978 506 534 250 686 636 295 855 544 999 6 17 497 39 477 95 734 19 633 723 613 465 388 126 385 959 104 322 901 819 181 744 786 133 155 313 597 287 444 117 174 461 367 530 84 257 996 875 44 693 748 570 798 829 179 101 109 989 201 285 105 401 190 472 438 205 210 453 384 631 669 31 446 14 307 528 422 848 81 474 639 344 776 849 584 860 957 793 495 977 33 147 286 971 291 820 373 175 496 149 651 229 302 354 170 277 975 551 671 432 13 57 140 252 517 525 724 2 909 400 347 471 420 168 515 624 183 784 522 319 193 94 139 24 376 676 368 726 878 4 520 206 732 37 357 180 934 467 751 320 756 795 658 281 882 102 72 667 625 739 490 634 766 601 865 688 629 121 395 881 521 529 587 211 842 612 702 972 864 944 348 547 888 555 365 437 144 623 457 412 857 374 847 647 251 90 763 801 675 743 796 364 869 841 535 837 539 284 239 903 565 720 396 566 309 742 208 335 350 80 618 134 351 993 990 120 214 532 898 958 945 311 783 187 736 413 62 274 76 812 138 918 462 799 638 952 858 590 47 91 3 705 318 300 867 431 11 543 663 948 304 706 228 787 59 538 238 873 405 314 729 61 749 425 160 491 815 626 874 758 259 640 699 68 83 306 800 648 955 794 933 164 129 29 806 75 248 27 690 484 575 637 478 224
546
451 175 193 380 500 68 121 306 361 509 317 161 523 347 532 535 407 280 468 354 85 9 362 430 360 243 262 44 105 167 22 351 449 406 543 511 444 339 352 382 506 308 401 488 409 516 23 458 251 56 454 91 478 43 123 462 328 97 309 101 517 291 127 282 408 52 371 47 301 391 4 87 492 418 326 255 499 14 410 145 7 473 29 331 275 135 289 446 496 303 181 64 139 219 231 115 497 502 465 400 200 288 32 144 152 385 373 295 357 370 342 524 266 235 337 290 53 227 142 113 210 483 75 120 345 420 423 117 154 257 453 158 387 340 480 519 133 34 405 125 189 202 471 307 530 241 18 450 368 489 72 542 534 501 311 234 482 136 237 36 369 225 191 187 349 365 531 296 173 3 2 440 297 116 412 485 332 422 188 494 171 83 261 215 346 334 384 110 55 310 76 399 513 417 184 247 475 333 159 60 437 269 514 33 455 403 204 216 507 232 456 441 324 196 467 539 46 49 71 21 102 518 396 263 124 338 118 474 533 372 90 81 431 211 5 166 8 413 544 312 315 108 322 228 388 505 452 515 209 82 99 358 459 381 329 504 194 276 236 51 304 212 94 183 433 162 448 254 493 130 157 439 486 487 160 512 319 28 300 414 336 92 495 109 286 285 112 432 267 522 427 398 393 221 470 353 305 411 258 246 363 103 376 476 24 146 35 293 86 179 314 107 390 367 386 428 277 272 11 341 203 149 419 490 134 233 206 57 359 195 93 185 131 240 245 281 344 147 529 114 379 343 111 156 141 299 168 389 89 268 484 447 78 525 320 375 25 252 163 426 31 198 287 172 259 415 220 540 12 186 424 438 190 325 40 95 42 364 355 395 271 13 264 151 30 199 528 248 508 436 330 213 302 26 224 292 61 84 39 313 541 469 460 425 223 256 327 178 207 79 80 434 238 249 180 19 74 378 323 383 294 169 96 537 17 260 62 298 38 65 520 421 503 66 98 100 394 230 443 270 27 274 348 37 176 128 472 148 545 464 498 214 208 284 374 63 15 48 153 404 150 50 119 164 1 174 445 527 402 242 138 273 510 16 239 126 67 88 122 538 10 350 392 377 70 192 279 278 461 479 132 20 463 58 283 59 366 218 250 205 170 435 356 143 442 41 253 536 481 77 155 177 129 222 335 217 137 321 491 140 6 526 265 73 69 466 416 397 429 197 106 457 316 546 244 318 477 165 521 201 54 182 104 229 45 226
571
300 74 225 140 534 555 413 501 503 554 426 513 520 253 309 269 235 169 44 522 444 40 166 33 474 245 239 207 320 183 15 427 53 392 56 214 84 423 70 22 104 280 376 243 355 182 462 571 165 362 505 1 447 73 197 28 496 180 41 304 67 135 400 566 254 453 61 112 249 12 353 403 50 506 435 390 452 535 348 198 340 361 230 130 81 88 98 487 119 469 405 523 134 157 306 500 264 224 238 149 456 292 434 187 564 489 271 10 221 425 186 294 308 417 333 480 32 158 60 343 291 212 247 402 58 121 491 116 242 337 357 6 384 334 525 530 52 229 322 190 159 65 34 369 38 45 385 504 415 360 519 250 372 301 486 21 473 336 550 389 127 570 464 47 114 422 99 68 18 161 244 545 411 382 36 511 204 346 37 377 232 441 561 35 512 63 558 524 412 4 508 317 553 481 378 110 394 379 79 246 351 265 315 407 449 251 24 406 93 220 321 281 30 9 51 450 465 276 325 178 87 156 7 109 202 331 374 326 437 352 260 57 25 475 567 552 531 516 293 143 421 515 19 90 494 404 123 288 89 108 430 295 395 160 133 568 16 193 42 194 414 155 495 124 391 329 196 424 131 174 299 559 419 144 477 136 485 472 164 259 222 454 526 410 177 290 302 347 96 541 210 459 448 43 533 488 172 151 563 137 387 359 46 287 319 122 296 234 303 181 69 297 565 540 139 255 468 409 173 201 237 203 216 397 248 163 154 240 442 256 209 521 408 383 330 141 226 227 262 529 54 416 298 562 105 126 445 82 168 548 106 386 551 115 266 312 162 458 311 150 132 490 100 258 366 323 314 502 398 185 289 339 328 241 148 349 482 380 80 195 147 282 546 316 484 83 560 440 218 433 59 499 77 279 14 446 76 428 476 371 467 146 72 543 64 364 285 102 497 463 215 13 310 113 498 335 236 97 273 199 432 11 517 274 267 431 49 544 350 206 429 436 538 94 192 338 78 188 460 200 118 418 71 539 167 2 184 277 518 284 341 542 507 356 373 101 270 549 75 527 145 55 286 228 439 324 528 175 171 205 393 278 103 556 27 29 275 231 48 128 307 125 318 368 261 153 86 478 399 451 557 367 91 396 283 514 537 107 455 532 263 381 8 370 305 26 217 191 438 466 176 375 5 20 129 401 461 470 120 170 17 223 536 509 252 313 443 569 345 547 492 111 62 39 138 92 483 510 95 211 365 332 388 268 457 179 142 23 358 31 66 117 208 152 420 233 479 3 272 327 344 213 363 85 354 493 471 342 219 257 189
10
8 3 10 10 6 1 9 1 7 3
1000
701 206 222 209 508 872 681 320 545 27 225 560 456 203 577 688 80 930 516 135 788 415 312 900 371 745 383 302 121 925 545 244 275 160 686 612 854 99 188 582 691 784 822 828 46 513 664 387 352 938 133 889 550 438 83 35 938 269 148 395 921 758 385 473 890 668 734 332 172 608 226 16 772 914 538 436 551 347 88 697 22 642 366 912 39 594 209 629 254 523 268 373 392 753 173 206 922 249 215 838 141 918 661 709 330 44 382 159 671 62 190 290 609 511 344 584 740 868 886 615 771 402 248 64 782 581 974 692 966 386 488 607 3 32 945 936 363 480 391 656 472 554 68 316 790 170 681 180 186 639 503 137 524 478 817 251 999 593 820 18 746 954 324 290 257 802 334 365 610 911 242 169 358 877 925 346 323 477 142 238 327 732 596 792 713 827 59 56 125 468 251 463 674 184 465 832 850 322 102 538 587 584 735 542 417 773 725 235 351 571 556 307 659 60 460 449 36 683 562 425 879 547 318 671 216 454 577 615 178 54 976 339 94 400 262 308 854 145 194 179 135 431 328 614 570 939 372 830 1 881 319 640 713 118 602 730 638 199 309 510 506 572 765 891 212 693 155 407 517 199 865 512 149 93 858 28 150 732 143 388 702 8 928 756 723 153 419 643 474 455 414 429 673 767 875 679 131 967 714 599 544 748 106 583 604 205 270 808 844 826 285 589 227 863 179 903 700 272 676 57 934 177 112 955 119 548 58 986 52 435 481 542 464 461 855 12 933 22 980 949 490 304 280 603 957 613 626 640 535 204 497 136 743 159 273 411 394 96 447 192 13 791 342 90 757 561 599 766 317 515 40 211 970 444 312 793 345 926 454 152 45 595 368 408 646 94 960 861 839 348 496 811 797 463 245 125 171 702 241 183 909 581 489 400 187 981 181 564 573 840 706 167 525 410 959 123 533 819 317 24 552 470 253 380 408 66 870 498 812 794 694 796 751 347 677 588 880 226 144 346 585 750 420 450 879 887 79 516 374 983 207 163 298 326 783 616 434 266 655 522 264 273 749 729 737 409 788 761 739 422 353 287 778 471 338 266 214 979 892 165 129 908 738 574 597 97 248 645 920 628 679 539 654 413 240 747 927 789 6 311 278 349 21 837 74 923 600 627 217 760 733 459 277 200 996 724 91 219 120 310 635 104 246 605 109 890 4 995 940 989 355 684 134 303 665 359 995 314 675 336 1000 685 157 26 829 682 293 669 876 150 115 131 717 504 712 154 294 449 30 128 710 105 301 636 670 479 597 800 132 229 762 653 988 736 633 288 641 969 101 546 481 883 424 341 680 764 403 716 526 160 78 814 963 559 624 859 606 271 690 236 42 76 103 698 947 644 398 456 549 553 701 563 475 306 500 92 915 776 530 514 32 19 578 19 893 586 89 321 537 999 296 682 343 947 887 780 340 464 985 652 90 243 483 171 267 25 836 114 410 55 853 130 61 860 592 813 991 579 85 543 858 241 855 17 984 352 744 144 230 337 565 937 954 971 23 411 856 238 289 823 593 534 396 754 848 895 519 657 856 633 637 757 127 567 255 322 901 993 534 579 34 163 67 274 48 197 672 719 283 31 617 265 72 568 432 781 894 739 583 736 953 998 687 924 282 975 635 146 997 651 870 140 377 502 833 453 466 292 41 935 855 875 787 809 217 457 441 86 443 674 814 151 390 66 407 838 835 775 614 663 174 898 329 161 305 794 43 507 10 722 486 501 499 960 618 231 781 660 832 362 695 113 198 37 261 610 491 541 260 405 220 493 240 990 973 476 122 484 566 505 721 904 656 929 804 842 297 100 7 35 846 576 73 223 508 461 807 502 907 404 25 442 842 508 82 49 221 580 55 256 69 704 763 469 540 620 376 768 291 529 414 391 831 958 896 779 37 961 483 156 677 728 416 805 428 518 215 77 108 867 367 185 647 898 299 500 239 932 721 47 359 173 761 301 114 683 515 520 531 247 151 620 63 479 178 401 325 208 726 492 617 259 530 831 659 406 695 845 408 360 427 70 532 82 288 556 403 482 521 133 625 418 570 865 412 535 64 712 718 84 888 232 153 107 28 202 740 99 601 98 755 815 413 926 527 878 399 951 313 389 464 392 790 48 962 235 785 904 834 339 207 936 263 910 569 667 295 799 440 623 279 707 956 10 235 393 973 799 972 902 294 944 798 978 735 110 385 715 880 121 210 571 11 703 381 166 697 722 728 964 862 830 721 558 871 111 138 465 124 250
100
80 65 82 3 4 34 10 30 43 91 83 39 95 68 24 37 88 73 11 94 64 6 16 9 13 66 1 51 62 99 75 86 89 46 42 50 54 18 29 36 15 53 67 22 33 92 7 57 70 56 98 41 40 47 96 63 100 74 84 87 27 58 69 25 35 12 81 52 93 48 77 78 97 79 61 45 72 49 59 17 90 71 32 60 2 14 76 19 85 5 21 28 8 26 55 44 20 38 31 23
573
335 147 325 323 152 405 65 258 203 408 142 513 551 565 364 116 141 525 239 292 170 514 356 436 498 225 176 6 210 72 172 188 240 466 300 31 528 521 452 43 120 233 289 433 501 446 448 572 175 283 230 261 355 273 228 136 540 367 150 100 112 416 21 500 118 107 531 29 268 312 350 394 99 68 167 305 331 406 281 366 209 193 453 221 431 302 398 372 308 428 163 244 486 463 177 82 476 241 67 508 518 358 520 556 53 336 391 404 60 482 515 211 380 165 396 161 488 361 314 315 295 204 146 371 253 506 539 480 492 173 419 547 156 381 557 538 256 558 198 510 36 422 493 19 269 28 491 102 569 342 200 560 242 313 164 265 524 131 1 412 348 360 423 324 89 561 345 90 359 32 127 397 387 399 202 91 413 270 571 400 199 237 151 437 70 490 357 568 287 481 33 271 509 15 409 8 368 122 341 236 75 382 93 567 375 251 159 388 445 386 117 227 288 384 293 537 105 123 9 530 306 190 504 334 4 35 296 140 559 393 139 477 94 128 479 454 153 264 144 74 503 101 22 226 38 245 465 432 562 297 113 327 246 286 383 115 133 222 301 17 63 456 96 332 257 401 189 18 98 216 429 326 316 40 86 158 229 410 435 415 79 51 483 424 182 3 545 439 87 344 329 430 130 34 69 467 434 507 311 232 135 205 30 505 516 16 555 111 262 340 363 7 155 478 41 267 414 129 191 27 298 247 166 187 485 114 299 472 255 157 318 420 55 50 143 309 276 138 496 45 224 134 550 290 378 552 212 179 275 186 379 522 459 523 217 351 44 148 320 548 58 441 252 457 573 470 185 484 469 149 274 97 570 95 349 535 347 307 529 206 59 373 291 266 330 10 110 23 461 14 103 458 566 303 464 39 260 124 328 471 392 460 395 108 218 73 132 443 352 213 519 160 544 278 280 2 171 106 61 546 272 11 81 162 438 563 502 168 192 294 377 263 154 564 195 385 354 425 317 235 183 390 553 196 440 337 444 487 62 497 417 310 83 362 543 49 532 407 66 238 333 223 42 468 541 46 494 54 48 80 104 174 495 370 71 88 92 554 169 376 447 219 181 197 254 215 473 119 109 533 284 77 527 85 47 526 450 402 259 421 137 427 145 12 426 25 282 517 231 5 13 194 462 442 64 180 489 322 201 277 125 542 184 343 121 474 207 37 455 220 78 512 369 208 234 365 178 56 20 57 549 279 534 374 403 126 214 449 285 24 511 346 319 451 411 76 499 338 353 389 26 304 249 250 243 321 248 52 339 418 84 475 536
10
3 8 8 10 8 7 2 7 2 1
101
16 63 29 38 100 31 39 55 94 5 35 46 56 22 5 73 82 53 97 25 8 52 48 25 78 72 9 3 69 44 23 40 65 57 88 62 86 49 99 32 15 79 66 32 87 101 71 28 11 58 33 7 34 83 90 74 86 12 14 68 42 18 92 75 17 30 89 98 19 50 68 47 76 27 80 31 21 50 43 67 54 77 56 19 15 61 1 64 59 24 95 4 51 96 85 2 36 51 91 45 81
400
203 28 252 283 372 379 385 124 231 317 189 378 260 365 81 232 357 176 100 50 322 330 321 254 342 294 211 56 243 190 80 400 251 339 42 49 22 265 115 221 334 160 233 325 177 239 219 157 338 79 37 198 135 285 316 34 35 332 38 121 181 174 83 179 36 376 68 89 185 295 228 241 114 154 161 212 141 184 349 253 63 397 215 3 370 140 101 134 5 351 343 262 305 350 128 296 312 386 108 354 44 250 33 356 206 129 388 169 205 93 61 99 96 340 289 301 246 371 359 202 197 132 122 150 92 303 67 106 9 355 25 344 375 186 170 258 97 158 362 107 244 139 52 133 137 73 164 126 172 267 291 200 130 183 227 178 194 14 288 287 95 195 13 282 249 275 304 257 84 46 345 331 209 216 48 71 117 308 395 70 64 248 327 19 382 2 138 155 366 269 112 23 76 32 168 274 74 66 247 293 302 7 333 368 55 222 69 40 242 273 373 123 103 306 188 30 196 10 399 207 380 171 104 31 266 336 319 213 223 369 39 125 18 163 374 310 387 268 156 143 220 102 153 238 45 167 263 352 259 261 284 26 59 236 72 24 15 17 78 313 210 271 149 299 346 166 311 145 384 90 51 381 21 393 105 113 398 214 320 361 127 146 272 110 192 118 226 148 182 165 225 391 290 280 111 307 217 292 20 27 255 315 256 151 87 314 94 318 57 298 191 85 276 396 309 60 363 353 65 16 47 6 389 152 234 286 88 250 199 11 383 281 142 329 337 204 279 323 43 367 347 119 240 245 162 175 229 358 147 364 208 326 58 390 120 297 230 54 41 77 144 335 136 116 324 278 62 98 4 12 237 109 328 86 201 82 277 8 394 360 159 187 224 300 328 193 270 53 235 377 173 131 29 1 91 75 218 348 264 341
871
800 303 239 593 202 88 764 597 808 477 644 266 481 672 96 832 688 41 846 464 165 371 851 553 296 424 823 15 312 77 470 753 629 209 248 821 810 121 129 847 27 826 814 402 822 465 424 828 217 566 138 158 596 712 830 382 535 704 771 120 164 352 345 563 525 560 504 384 458 408 144 355 17 86 565 2 815 756 650 329 611 328 679 762 689 701 6 260 580 185 315 554 337 370 845 561 794 539 127 575 156 151 588 276 541 770 102 173 169 677 366 818 512 502 577 220 137 681 722 608 178 336 332 690 287 559 168 84 123 548 555 107 819 4 190 816 761 291 777 232 478 45 675 733 219 594 782 3 571 497 277 860 866 259 24 500 578 298 789 691 196 36 745 94 469 779 513 731 696 317 768 661 503 835 403 741 811 410 230 29 798 755 69 251 20 94 272 112 809 180 595 434 456 388 106 26 784 631 829 115 507 14 53 350 797 300 264 486 311 514 42 16 545 532 639 415 569 89 172 743 638 404 267 448 167 562 498 693 607 379 786 435 443 436 100 700 110 113 751 179 85 93 641 19 33 46 652 206 614 204 427 10 419 531 395 216 536 305 817 211 442 182 840 648 742 232 467 188 869 856 345 389 252 278 37 785 505 359 841 801 30 330 226 52 341 358 495 411 244 356 638 762 66 606 439 759 57 357 387 824 83 674 795 804 618 633 214 28 775 598 550 29 369 613 134 92 647 529 736 666 75 428 177 472 31 233 324 13 501 343 831 758 201 859 534 90 586 246 323 263 592 316 485 312 792 309 50 269 752 155 520 302 134 521 714 255 159 556 683 271 781 579 665 868 76 78 601 114 39 60 867 222 390 760 373 857 420 834 468 51 487 299 12 363 401 87 418 700 61 62 692 734 651 128 307 342 776 718 108 310 122 174 581 339 616 511 474 406 476 783 799 203 766 400 386 621 587 9 34 488 430 719 572 24 375 284 49 570 763 604 59 617 590 740 282 729 509 283 852 746 708 399 238 645 574 117 433 839 170 522 625 157 319 473 64 289 55 68 199 227 774 152 646 247 21 280 530 334 254 727 148 73 491 184 600 843 642 130 132 125 725 543 109 396 147 119 519 162 186 268 124 803 394 551 806 141 865 626 769 333 480 425 376 737 813 489 622 72 140 385 738 706 628 65 533 537 584 582 686 200 767 726 855 176 836 327 35 409 242 833 383 349 380 744 668 249 370 405 615 490 627 864 163 197 455 460 616 265 710 240 313 667 492 583 67 432 466 493 38 484 266 506 558 698 854 143 415 720 680 634 805 286 421 670 676 348 517 444 715 796 405 338 780 25 414 863 654 540 133 273 748 257 412 262 438 397 494 635 453 360 364 207 44 344 567 602 475 187 407 258 589 747 194 837 351 649 713 154 820 304 150 431 331 47 116 669 236 281 516 326 462 528 452 347 758 292 372 95 146 416 573 346 368 48 5 104 632 40 538 636 655 43 862 790 656 183 682 189 171 694 1 228 787 413 463 716 728 663 702 605 637 624 660 619 139 523 757 765 101 717 145 99 191 685 393 218 454 79 705 547 253 81 11 213 377 381 243 496 848 769 825 205 322 279 844 105 447 321 422 662 568 709 754 175 461 135 429 9 653 318 612 499 850 620 56 678 793 808 354 378 711 449 353 295 7 526 695 721 544 353 142 374 392 181 445 871 98 320 224 703 362 245 858 131 270 684 274 369 91 231 527 285 658 732 8 361 827 306 542 773 221 325 707 250 314 812 479 166 802 437 297 58 659 22 393 285 198 749 398 699 136 229 515 18 552 63 235 791 293 508 807 630 126 576 118 451 80 426 365 261 192 71 567 294 697 290 483 74 256 82 585 234 687 149 785 482 870 225 564 241 861 610 301 212 673 291 599 853 308 623 518 440 161 237 54 441 591 657 335 849 459 32 724 391 208 417 671 792 97 111 450 772 215 778 103 471 788 640 340 210 549
101
93 31 11 83 10 13 43 38 53 81 8 90 16 57 20 52 22 56 60 72 53 67 71 66 76 32 54 89 49 3 96 2 29 74 84 50 14 44 99 51 80 98 27 24 94 18 95 70 26 75 21 28 34 78 15 91 35 59 68 79 10 50 48 36 17 88 69 25 43 6 23 71 30 101 100 90 69 73 85 58 97 72 86 64 46 55 84 63 40 39 95 45 41 1 45 42 33 19 65 4 37
100
27 79 95 20 50 97 40 23 15 21 39 78 19 57 9 84 25 98 13 4 10 92 8 88 17 53 1 73 37 49 80 35 75 46 32 41 29 47 11 7 36 89 60 55 56 34 38 81 30 5 77 76 26 91 44 45 14 85 66 43 94 67 90 100 72 59 62 70 74 68 86 65 28 69 33 52 51 12 2 31 48 96 93 16 58 71 99 24 42 63 54 22 83 61 3 82 6 18 87 64
502
299 85 362 495 240 388 93 193 139 236 361 248 289 179 383 30 9 367 20 143 300 117 230 283 4 142 215 258 444 88 68 382 101 412 411 116 255 237 410 180 50 336 443 295 125 99 279 196 132 111 42 487 58 59 246 356 462 234 365 456 314 63 118 243 191 342 197 62 239 459 181 137 144 217 228 153 350 23 182 465 298 307 39 155 326 173 76 204 52 271 439 392 141 6 306 126 339 163 313 395 403 138 482 107 223 154 466 80 25 232 1 370 106 175 44 343 129 485 254 247 338 398 451 238 270 130 423 286 301 170 195 348 309 91 257 437 478 216 242 272 26 231 265 310 131 294 428 149 452 390 371 14 147 103 61 282 109 241 152 369 38 135 498 493 415 53 364 136 133 281 502 46 318 394 323 379 407 469 357 224 438 322 332 7 486 72 389 461 31 327 377 94 245 273 172 79 261 127 47 351 436 150 233 104 360 333 43 460 316 55 422 384 500 102 311 57 457 330 96 105 213 92 393 277 420 479 253 198 284 445 328 340 288 202 113 250 464 199 335 463 48 308 490 319 386 10 49 174 157 146 427 458 349 435 409 45 472 3 372 256 205 244 2 366 290 363 426 187 165 263 470 325 396 262 312 297 355 158 331 32 446 447 419 251 350 87 84 321 56 455 219 414 448 41 441 218 54 27 413 352 177 108 305 17 397 35 220 200 89 453 401 145 266 16 450 442 18 334 315 100 474 347 188 159 134 268 82 400 222 293 429 121 380 416 8 317 128 210 166 235 285 70 40 481 480 194 353 98 36 287 488 123 115 345 156 214 497 75 496 432 110 212 303 33 376 203 381 337 69 64 329 291 440 78 201 449 148 151 12 292 324 60 378 267 65 140 484 402 489 373 13 249 468 269 124 274 29 169 183 190 15 408 164 66 71 344 73 304 430 189 21 475 171 483 83 207 162 471 114 227 28 499 5 22 168 399 387 260 375 385 252 278 120 184 37 74 167 81 431 86 391 359 424 346 320 176 264 492 418 112 434 226 77 275 421 119 51 491 34 229 186 192 209 206 11 473 405 185 477 225 454 97 368 302 296 161 95 276 19 404 280 501 417 354 122 90 406 358 425 374 208 221 211 178 476 24 433 467 259 67 160 494
100
66 26 97 14 40 58 51 49 3 2 86 3 29 38 12 76 62 79 13 84 59 83 30 51 27 92 48 93 34 48 74 88 61 81 69 65 65 18 20 60 11 44 99 21 12 75 10 6 43 49 56 100 23 89 53 46 28 78 87 16 67 73 44 6 76 43 82 41 96 100 4 31 95 62 47 57 57 91 32 54 39 45 6 35 43 33 80 19 49 13 97 63 68 71 5 24 47 60 53 92
200
171 151 108 99 103 75 113 190 91 60 9 60 66 175 54 69 152 112 123 191 110 34 176 98 128 166 157 50 126 63 77 171 133 183 131 91 122 125 161 142 109 83 103 17 66 161 98 155 142 41 61 151 156 27 108 3 177 166 12 178 153 154 17 163 14 110 11 187 187 5 166 86 77 147 136 19 179 13 167 43 3 134 112 105 89 26 105 23 191 29 29 101 61 182 153 4 176 89 74 156 80 27 146 173 73 140 7 75 65 24 174 46 103 53 100 28 1 27 86 77 60 147 143 37 41 173 65 3 188 180 105 14 28 44 125 108 168 155 101 137 39 26 108 63 167 194 100 6 175 127 142 109 69 146 129 10 38 177 125 47 157 115 10 190 193 141 133 96 176 57 175 25 170 9 65 134 101 154 11 62 195 93 176 177 52 160 94 86 194 164 85 183 158 47 75 164 5 46 56 159
3
2 3 1
200
43 184 127 87 166 98 122 167 196 11 98 68 47 47 49 166 124 1 163 195 65 85 141 114 57 188 18 81 6 129 7 37 90 30 90 104 55 67 9 82 67 131 62 109 78 138 20 170 156 177 88 126 19 9 50 1 82 118 165 136 114 180 51 3 7 145 29 79 135 74 36 168 105 180 45 186 6 21 56 71 100 170 46 123 2 112 178 141 188 39 168 111 83 118 150 29 178 171 188 50 88 18 91 112 97 136 95 26 79 169 10 89 63 166 13 107 26 89 178 188 83 50 166 7 95 72 124 34 54 180 38 184 154 141 182 172 116 119 27 129 55 1 23 173 119 184 110 23 186 155 174 43 40 51 111 76 3 194 186 6 36 180 184 103 55 86 32 39 22 18 19 30 91 22 110 80 23 146 168 99 61 37 188 196 122 139 48 58 99 129 178 85 50 90 119 182 97 97 56 105
50
20 4 8 17 39 16 18 3 1 37 23 25 31 26 38 7 4 7 13 41 49 12 11 42 12 29 22 20 26 22 19 3 45 17 44 10 40 15 5 37 20 24 16 26 23 10 17 45 21 49
20
2 16 4 20 17 8 15 9 16 11 5 18 8 12 19 2 14 8 3 17
10
8 5 5 1 8 10 2 1 8 4
10
8 4 8 9 4 3 2 5 5 9
995
855 882 988 29 45 487 449 704 855 156 324 499 205 840 87 281 313 632 277 511 149 63 715 912 494 96 248 249 595 577 857 510 308 868 603 806 804 489 204 731 82 910 374 429 54 444 502 286 623 153 266 714 476 865 808 385 426 834 882 400 610 107 789 363 493 25 427 688 397 893 717 657 399 237 624 138 103 578 717 754 842 36 28 927 219 592 496 522 469 166 1 161 718 894 800 187 198 152 288 336 664 372 58 527 33 197 748 740 901 846 666 489 80 353 480 89 202 673 993 643 703 156 529 152 200 658 816 874 144 761 288 173 537 154 448 408 331 504 311 906 817 418 738 76 528 461 37 192 70 542 238 737 581 628 217 361 921 868 668 18 260 986 485 556 259 340 335 386 297 95 896 609 636 162 247 459 530 916 823 23 51 602 521 670 407 685 994 824 573 709 108 918 966 973 957 656 958 977 631 2 693 881 670 969 330 101 408 675 900 507 533 671 631 563 737 739 213 276 552 455 217 629 307 8 411 440 97 732 500 715 465 31 535 987 677 267 199 137 45 672 564 311 172 434 703 74 953 868 525 830 346 700 141 252 707 992 164 652 778 417 462 10 289 100 248 505 950 515 245 858 337 273 272 188 558 885 316 118 693 746 899 98 951 114 649 165 741 234 7 972 241 759 348 722 490 629 368 430 764 613 65 369 163 694 67 335 438 864 467 24 702 464 797 541 782 277 725 302 147 819 805 327 973 687 485 588 347 695 909 191 608 615 633 402 380 729 903 990 46 477 229 714 818 774 657 628 559 293 757 960 944 971 752 892 659 32 104 399 720 113 93 352 607 847 739 569 886 94 508 292 533 826 710 665 356 668 975 176 634 135 756 699 11 208 209 944 792 931 230 332 845 233 814 167 712 398 599 596 464 244 806 447 721 516 889 388 47 207 126 647 798 315 439 165 844 545 744 327 974 467 63 13 938 471 202 706 275 102 26 444 686 984 238 963 491 187 169 350 278 820 432 604 758 430 51 214 168 128 520 877 708 838 364 473 279 320 987 466 640 778 876 833 962 399 642 969 147 85 378 413 143 890 219 891 951 702 891 659 298 827 569 982 663 781 264 394 246 446 408 731 468 421 995 348 705 145 272 568 585 497 893 940 898 793 871 870 762 294 81 726 44 250 919 178 385 9 859 339 55 177 116 462 529 111 81 830 618 767 915 310 751 967 785 45 425 488 936 443 273 175 512 778 719 723 901 746 822 265 88 692 503 539 597 307 355 927 253 710 30 887 867 802 705 5 187 154 139 355 458 885 109 962 173 34 23 884 770 473 109 405 443 195 453 43 888 148 776 217 406 271 211 86 170 333 220 867 544 650 316 295 646 622 587 290 178 779 50 393 301 935 379 816 694 456 698 868 719 175 29 875 625 662 488 260 64 969 861 38 497 813 199 902 515 807 533 583 782 991 150 129 735 663 424 822 883 980 696 821 79 863 462 78 81 954 758 441 72 709 769 42 328 850 381 285 531 53 965 339 956 183 391 68 928 979 782 379 841 530 465 375 823 83 684 922 256 159 201 407 567 905 823 114 279 19 598 282 479 115 305 84 82 311 904 917 253 609 773 747 119 945 445 69 981 713 880 818 574 27 908 815 287 724 694 551 799 571 689 718 879 464 317 350 925 329 882 288 382 837 604 610 730 628 764 550 186 690 843 854 462 745 707 160 953 817 287 196 546 443 743 540 162 4 913 293 369 672 810 818 345 896 576 164 12 871 943 60 878 542 964 598 764 354 697 20 151 270 579 241 580 630 21 641 269 923 456 313 6 983 932 791 680 283 568 289 639 931 140 838 359 415 35 777 230 90 410 549 141 803 367 635 621 547 786 77 4 99 733 146 645 860 914 320 39 390 595 611 914 642 53 166 384 661 783 584 547 139 226 16 358 66 664 833 708 457 362 11 334 69 560 745 133 121 318 907 644 915 349 34 452 639 113 866 551 811 581 212 14 189 309 849 606 62 403 228 979 872 431 676 394 102 492 224 184 784 617 236 216 775 341 55 109 232 392 794 532 470 321 655 115 524 184 274 157 207 529 383 323 422 876 279 895 566 594 226 541 276 326 955 654 292 388 593 911 148 104 638 639 386 119 235 681 88 195 342 601 719 592 683 835 15 482 576 809 377 337 593 562 225 243 123 48 635 682 193 919 396 240 730 204 455 589 416 600 801 142 812 366 146 41 929 812 934 169 303 92 48 457 416 485 553 764 106 567 985 72
320
11 138 203 210 267 34 140 276 132 180 95 169 162 159 24 201 311 105 210 208 291 297 141 135 287 233 231 289 20 7 42 122 154 246 68 106 250 85 193 30 135 23 243 271 293 279 88 54 316 91 227 232 160 147 77 198 39 54 36 82 60 202 90 23 201 307 138 238 204 292 307 136 303 177 73 163 172 202 150 122 96 179 25 13 150 60 6 31 305 143 252 122 126 257 117 103 5 204 269 143 67 263 285 201 163 223 293 239 260 238 100 98 123 280 193 183 122 25 303 87 146 93 81 187 221 44 68 195 143 217 20 227 107 5 162 238 124 101 270 133 272 108 280 19 215 132 54 264 111 53 283 234 317 40 77 254 229 47 194 109 129 111 182 70 168 146 123 73 36 47 46 169 97 233 312 88 7 274 273 141 254 152 35 13 300 309 259 36 289 186 164 87 144 13 166 239 145 258 151 144 178 245 305 213 197 126 244 165 144 255 192 94 61 259 211 179 145 179 183 128 29 263 185 238 24 2 299 176 145 168 126 223 308 298 240 305 118 191 209 256 8 244 128 102 208 229 319 313 6 217 291 182 185 202 240 297 54 207 116 275 139 151 242 111 145 209 31 295 158 54 277 173 112 265 122 33 1 77 210 14 171 220 237 149 216 153 20 123 115 251 72 21 33 242 179 135 266 3 133 55 300 234 118 180 76 138 228 34 176 95 150 175 260 307 129 236 116 28 219 222
100
20 87 74 34 16 77 91 19 31 81 80 48 22 41 96 5 72 34 8 1 48 62 50 60 17 37 41 17 26 59 18 33 18 18 5 14 84 30 72 29 14 20 71 100 53 7 36 76 84 53 19 18 50 72 8 34 66 53 30 49 51 1 1 59 51 84 41 61 3 97 17 17 75 58 72 48 76 30 41 95 95 78 11 49 100 79 2 59 45 32 95 62 11 48 81 86 1 58 21 19
10
3 3 5 3 1 9 9 5 10 1
53
30 41 38 32 53 48 49 14 34 3 36 7 1 28 34 22 31 9 12 2 44 11 43 6 33 42 40 39 25 48 18 15 40 4 17 13 16 35 47 33 29 46 27 15 24 23 21 45 50 6 5 8 19
1000
732 640 117 159 504 588 852 186 56 268 130 305 965 210 257 157 227 406 705 317 547 167 451 672 558 41 368 583 90 95 465 30 587 178 571 717 326 773 533 955 99 835 737 906 947 428 802 195 115 664 667 323 871 655 689 785 677 623 274 57 303 264 486 300 798 659 311 949 516 251 279 155 822 171 474 617 939 586 347 596 261 344 360 238 572 836 239 694 437 237 808 566 198 76 676 400 73 739 86 248 620 15 735 446 120 928 744 843 520 68 687 679 774 222 589 968 797 449 497 170 191 101 125 477 675 145 719 443 880 693 7 585 564 245 410 700 124 682 499 466 396 702 39 283 870 710 695 982 3 415 425 584 19 845 114 573 327 934 121 240 510 858 610 511 524 919 378 332 834 568 666 229 487 202 494 398 381 829 668 952 603 269 9 637 856 988 143 601 830 537 551 615 140 868 131 393 431 922 536 935 36 435 706 684 908 553 335 295 649 889 995 491 82 809 921 366 833 502 525 309 648 548 642 105 102 793 78 423 866 490 562 318 156 936 12 2 593 4 597 343 954 110 577 925 656 221 175 362 29 215 772 997 457 727 225 302 53 650 678 867 840 278 612 680 912 657 453 987 220 704 181 859 886 394 492 595 256 142 307 663 837 79 122 957 855 674 937 579 285 207 673 662 351 169 901 887 439 521 763 17 153 863 529 18 43 100 273 382 890 893 865 789 766 47 463 614 555 931 119 622 591 838 71 272 950 876 618 483 691 975 578 180 58 371 543 606 872 501 993 286 290 297 395 780 352 148 22 864 752 881 322 738 277 961 703 760 550 51 698 740 92 11 875 534 508 359 996 916 6 462 731 729 284 984 561 628 49 503 66 930 85 152 643 998 72 196 87 635 904 133 386 616 150 807 806 638 373 62 330 726 879 226 707 964 232 417 33 456 8 514 94 653 183 447 259 594 469 242 734 416 464 363 902 942 234 422 411 162 80 164 55 391 432 991 355 811 308 374 715 828 211 61 826 243 154 878 658 40 708 974 146 384 535 627 147 350 212 63 337 569 91 941 5 424 751 861 484 320 531 758 762 471 556 779 14 149 214 825 795 135 819 940 349 788 981 299 983 271 849 736 420 777 174 249 696 31 539 862 686 844 429 438 442 753 778 246 265 528 165 914 38 188 427 160 907 377 895 609 97 927 280 632 399 714 353 358 93 683 461 294 46 448 607 376 88 44 407 201 929 340 69 252 412 199 892 151 851 699 545 334 24 750 361 782 956 137 408 757 356 470 364 681 915 59 800 554 187 1000 60 945 281 228 786 208 341 392 951 713 896 138 1 518 241 20 966 792 458 977 546 298 276 365 190 452 203 434 709 701 959 946 336 690 541 89 847 803 193 685 236 48 397 755 574 888 389 258 388 557 909 419 608 324 721 749 794 27 538 316 301 479 132 728 874 854 924 166 413 387 83 158 769 911 321 367 899 754 84 805 841 493 282 933 440 905 994 542 776 600 118 611 575 850 592 310 184 576 306 712 671 891 380 747 194 293 860 315 948 761 613 745 730 926 116 897 177 900 182 570 631 920 254 459 454 34 28 385 817 818 218 967 633 869 770 129 530 179 552 775 488 291 515 999 581 646 756 219 473 565 639 665 814 913 331 873 582 136 253 123 522 688 139 372 971 45 512 799 846 619 624 338 134 103 917 52 599 77 815 963 604 108 288 402 250 634 441 107 791 903 96 644 723 375 839 141 910 771 590 223 989 32 98 260 267 354 23 111 540 37 455 433 325 213 563 233 559 711 345 289 112 266 200 877 513 810 973 725 857 848 204 217 106 161 224 81 163 718 506 369 505 418 263 13 978 768 972 767 741 943 414 247 460 445 205 206 409 507 231 813 109 296 319 831 746 724 485 144 626 333 733 480 783 126 784 401 287 944 697 42 801 348 244 882 654 742 748 104 444 467 339 884 781 580 498 489 50 478 189 621 21 405 532 481 990 436 630 759 509 670 468 567 275 527 853 764 35 842 722 885 651 985 517 669 824 560 75 314 64 980 312 743 113 450 262 172 292 16 898 932 176 796 598 54 65 270 883 820 67 962 827 969 383 625 636 403 168 357 390 519 496 192 426 10 197 476 526 549 647 346 26 370 970 661 25 475 918 938 255 720 958 127 173 523 894 645 812 70 421 716 74 209 821 804 832 992 500 230 379 765 235 923 660 430 328 953 790 816 216 605 976 404 641 304 185 128 313 629 495 342 544 960 823 472 787 979 986 482 652 602 329 692
997
162 106 10 195 780 914 466 735 251 3 707 65 588 597 42 425 959 872 956 307 92 727 339 378 424 156 29 249 452 698 590 261 640 695 858 135 989 661 337 395 347 8 489 315 792 384 226 780 399 289 2 635 906 762 472 911 980 967 566 110 511 613 160 289 679 44 561 101 291 387 362 659 700 313 177 946 143 58 928 859 76 988 667 304 511 330 218 461 316 421 921 532 424 612 475 499 991 757 438 551 594 428 601 783 538 27 948 292 817 327 84 797 173 773 727 86 409 453 877 604 925 349 733 685 798 108 361 857 401 916 391 276 290 101 477 810 474 357 468 645 927 131 993 572 731 950 231 14 444 598 24 641 178 285 57 556 350 553 587 85 252 566 371 138 404 298 290 317 94 495 209 105 769 97 442 935 434 969 314 718 460 437 687 562 193 974 595 614 683 467 40 309 516 1 4 641 77 497 702 492 851 186 672 833 519 805 513 276 31 406 398 638 51 73 136 134 361 896 324 382 301 44 555 210 146 855 840 676 987 12 448 801 517 985 739 592 740 376 582 635 109 388 785 203 268 666 871 759 206 712 518 481 473 258 311 283 953 850 926 248 495 493 629 864 879 997 562 563 502 537 809 871 26 700 957 546 678 181 322 48 246 654 771 397 302 900 486 543 270 413 542 141 737 363 882 594 504 175 589 603 133 362 934 573 806 461 542 591 3 246 724 677 830 962 491 85 146 570 50 570 918 933 311 399 534 155 588 182 452 749 876 179 319 62 404 978 114 506 842 606 618 222 187 484 441 320 245 199 39 527 931 254 97 741 287 29 478 483 239 560 986 302 918 878 297 181 640 808 411 892 650 726 672 658 477 238 585 893 744 898 603 694 929 748 90 142 602 83 490 182 257 669 268 905 498 899 795 703 49 599 99 611 712 986 252 367 781 181 450 792 565 312 957 644 386 710 903 276 1 613 701 404 575 966 894 81 810 945 374 49 786 109 891 487 69 772 796 922 32 132 334 112 235 854 888 884 950 791 755 879 557 329 846 80 973 538 653 666 494 976 995 716 238 528 608 720 873 584 825 202 891 230 889 297 16 193 342 926 864 47 105 778 965 13 544 116 630 55 237 88 505 21 664 195 536 57 586 28 107 215 90 865 851 19 46 147 931 234 668 788 692 535 424 767 674 121 63 607 845 778 53 689 486 844 789 89 414 979 523 514 794 415 622 23 18 402 819 105 205 631 512 291 274 723 302 822 897 416 303 430 766 224 525 877 346 191 671 531 889 84 100 812 745 214 417 681 467 105 711 341 801 969 709 478 673 445 984 752 304 576 653 485 770 192 593 567 977 327 841 765 549 429 492 645 804 272 70 122 279 644 856 282 838 95 98 551 145 382 723 619 648 954 275 463 985 433 394 361 895 721 285 643 883 596 996 150 332 533 36 368 123 751 78 171 52 637 91 832 755 596 782 128 764 652 294 202 646 376 127 119 11 419 308 443 300 751 158 691 400 908 885 433 248 693 340 518 815 577 273 593 41 38 688 88 575 392 823 128 481 842 834 626 78 264 949 678 329 530 605 982 961 719 581 856 806 892 921 971 770 73 411 988 214 266 72 694 837 215 271 875 974 52 187 8 61 870 125 839 743 695 301 243 464 880 632 166 705 722 116 118 159 176 604 313 253 517 446 51 264 713 569 737 868 396 722 180 354 476 336 554 861 878 105 764 803 621 104 910 43 746 103 564 208 319 174 348 67 323 168 639 183 928 963 440 460 92 828 451 935 615 820 625 310 624 469 103 877 994 331 567 752 930 416 910 213 580 955 662 868 197 53 437 431 826 637 930 207 547 377 426 541 620 124 468 422 366 60 410 262 940 338 14 539 541 849 524 535 351 881 228 658 983 219 358 961 819 75 634 853 631 429 157 943 682 195 36 655 964 359 716 941 118 113 48 465 601 610 269 130 583 117 604 242 500 760 300 943 743 71 250 774 196 617 465 468 115 554 522 274 232 367 742 149 20 6 657 963 508 410 428 229 909 54 425 240 859 717 4 370 799 674 163 74 886 4 894 828 683 902 943 747 12 561 627 729 756 389 939 385 223 129 407 673 981 385 256 456 56 368 792 241 872 360 372 7 34 970 478 10 423 642 346 646 326 290 325 245 821 203 852 388 608 612 124 512 750 413 869 463 180 291 937 552 35 800 286 355 236 958 651 30 711 345 711 784 204 847 520 848 577 777 153 704 463 234 361 96 663 137 87 660 394 628 108 550 904 344
59
51 46 22 27 38 52 26 53 39 29 20 17 10 39 45 30 16 2 33 23 41 39 48 52 42 21 56 5 11 4 59 48 25 44 25 6 14 49 19 38 15 53 7 54 58 49 8 50 28 57 18 22 6 1 52 40 32 32 13
51
48 17 33 14 45 28 12 6 13 41 8 22 35 18 46 1 4 21 9 47 39 2 34 7 27 5 40 44 42 15 36 3 16 20 30 29 27 25 21 50 19 11 51 39 23 43 38 49 37 25 10
128
84 115 113 29 20 42 4 84 101 86 57 116 95 109 44 76 97 64 55 5 61 28 73 28 115 107 8 64 123 38 93 111 89 15 121 56 101 66 25 103 86 22 38 15 30 71 10 7 63 56 7 123 103 95 70 47 111 123 6 41 78 109 109 58 58 55 20 28 65 119 93 28 119 34 64 14 64 46 123 55 128 70 60 8 33 2 9 48 14 37 52 45 12 10 66 52 128 66 76 125 86 3 38 11 19 128 26 111 122 123 44 17 6 50 8 85 21 119 17 10 90 108 48 50 100 125 1 125
996
879 908 736 198 221 184 576 250 663 529 476 453 161 427 531 885 455 320 820 797 512 417 836 36 164 447 274 778 349 208 389 627 653 79 654 162 790 155 807 984 61 150 641 419 433 656 811 54 110 124 428 651 153 573 950 381 894 193 643 544 992 595 354 321 74 307 723 292 362 527 932 893 201 466 4 224 123 624 671 212 742 355 18 526 705 799 791 241 203 749 683 572 601 700 106 973 684 513 947 394 223 849 975 715 606 202 55 888 192 963 670 652 285 945 210 986 734 462 620 158 630 623 424 517 473 701 539 576 386 147 493 843 374 432 872 235 115 757 329 988 496 408 536 748 255 131 308 883 645 420 772 874 23 602 178 359 828 865 949 955 261 237 190 812 338 974 219 733 598 252 845 7 728 786 892 525 207 804 152 575 756 642 543 19 93 67 777 802 198 140 288 985 868 10 541 317 191 884 297 641 192 65 793 216 180 452 835 30 913 899 894 121 938 961 64 853 332 871 59 827 247 76 364 800 877 555 571 555 272 837 903 344 632 370 264 9 878 119 558 392 750 590 87 771 412 175 928 104 965 691 430 786 362 818 369 26 523 785 42 433 670 965 206 235 422 626 574 951 589 693 719 229 171 418 521 897 330 659 910 391 293 873 790 90 689 660 798 733 725 242 471 177 846 88 119 474 300 936 190 841 436 32 271 333 560 359 738 928 336 139 959 568 416 25 263 645 413 264 658 764 380 89 717 378 473 758 341 961 282 901 914 35 503 342 505 492 313 681 751 564 496 934 983 236 720 113 513 397 267 959 972 772 314 102 194 907 472 346 306 731 368 126 422 548 16 373 216 808 980 708 735 635 38 94 673 585 927 187 398 493 560 239 195 135 193 325 662 112 597 946 208 367 440 21 229 530 580 744 631 686 324 201 8 458 118 456 222 547 379 533 467 245 323 591 730 291 882 124 509 920 191 693 774 561 481 969 491 3 952 428 30 687 431 317 11 863 985 102 220 390 76 596 755 313 911 732 136 45 250 951 163 205 144 494 935 811 507 176 393 917 862 779 518 33 340 929 740 88 474 6 182 628 269 27 386 1 943 944 467 254 619 701 883 610 528 959 504 114 877 95 891 316 131 289 366 341 160 748 889 334 410 936 14 546 923 822 709 554 665 272 112 64 304 251 509 457 166 140 549 970 464 209 916 741 887 620 524 516 860 854 909 748 905 409 936 498 762 144 127 75 852 156 213 724 319 948 408 613 222 290 896 8 40 773 249 109 478 146 290 586 477 71 158 859 745 772 177 763 248 716 611 287 54 707 718 543 117 679 48 857 930 39 557 676 519 126 713 412 803 721 120 720 415 214 298 45 725 982 670 855 281 676 170 259 328 24 861 786 553 971 330 533 72 632 34 855 659 891 946 526 393 377 633 353 265 634 805 279 345 640 358 225 488 425 434 395 831 847 650 900 188 658 29 859 316 484 638 776 337 132 158 886 995 423 829 100 890 642 712 286 269 462 305 951 361 315 485 5 25 706 272 452 375 324 2 902 690 482 788 588 82 375 84 309 795 727 728 404 306 334 667 555 634 643 851 327 942 967 622 217 126 447 42 787 411 788 848 286 59 169 579 108 251 396 490 826 678 766 775 439 675 918 714 573 597 13 442 562 370 68 57 824 966 405 958 806 942 615 466 781 582 81 656 353 191 477 241 144 230 801 979 20 534 794 551 130 175 697 140 53 774 655 710 276 823 593 123 116 260 899 451 49 80 303 520 487 335 495 814 470 393 664 244 749 470 245 257 142 851 283 990 791 812 451 695 728 143 382 384 943 443 278 357 919 44 339 318 179 557 931 637 164 312 723 310 486 361 58 722 680 942 296 770 301 881 647 302 133 62 221 725 238 681 150 255 773 760 15 154 649 495 138 864 962 989 134 729 446 646 882 856 406 907 613 37 925 403 157 307 547 217 96 497 63 810 137 820 295 6 506 692 41 604 577 337 906 603 511 341 800 825 816 380 609 768 122 917 815 129 783 93 622 685 616 845 514 501 690 813 365 256 952 752 739 191 100 309 660 870 866 838 967 343 391 199 283 648 942 540 461 265 838 149 968 404 638 658 542 650 991 538 569 891 426 629 657 151 91 913 838 584 787 477 11 911 390 496 275 649 544 858 636 147 360 799 845 240 556 31 386 972 931 579 560 914 347 631 26 947 371 915 322 284 348 318 604 409 535 43 581 956 83 889 537 105 782 901 294 767 55 17 666 375 310 522 402